((3017, 419), (3017, 419))
((3017, 419), (3017, 419))
((3023, 420), (3023, 420))
((3023, 420), (3023, 420))
((3029, 421), (3029, 421))
((3029, 421), (3029, 421))
((3038, 422), (3038, 422))
((3038, 422), (3038, 422))
((3059, 425), (3059, 425))
((3059, 425), (3059, 425))
((3068, 426), (3068, 426))
((3068, 426), (3068, 426))
((3074, 427), (3074, 427))
((3074, 427), (3074, 427))
((3094, 430), (3094, 430))
((3094, 430), (3094, 430))
((3095, 430), (3095, 430))
((3115, 433), (3115, 433))
((3115, 433), (3115, 433))
((3137, 436), (3137, 436))
((3137, 436), (3137, 436))
((3146, 437), (3146, 437))
((3146, 437), (3146, 437))
((3173, 441), (3173, 441))
((3173, 441), (3173, 441))
((3182, 442), (3182, 442))
((3182, 442), (3182, 442))
((3187, 443), (3187, 443))
((3188, 443), (3188, 443))
((3203, 445), (3203, 445))
((3203, 445), (3203, 445))
((3218, 447), (3218, 447))
((3218, 447), (3218, 447))
((3224, 448), (3224, 448))
((3224, 448), (3224, 448))
((3238, 450), (3238, 450))
((3238, 450), (3238, 450))
((3239, 450), (3239, 450))
((3260, 453), (3260, 453))
((3260, 453), (3260, 453))
((3286, 457), (3286, 457))
((3286, 457), (3286, 457))
((3301, 459), (3301, 459))
((3301, 459), (3301, 459))
((3308, 460), (3308, 460))
((3308, 460), (3308, 460))
((3316, 461), (3316, 461))
((3316, 461), (3316, 461))
((3325, 462), (3325, 462))
((3325, 462), (3325, 462))
((3331, 463), (3331, 463))
((3331, 463), (3331, 463))
((3352, 466), (3352, 466))
((3352, 466), (3352, 466))
((3361, 467), (3361, 467))
((3361, 467), (3361, 467))
((3367, 468), (3367, 468))
((3367, 468), (3367, 468))
((3373, 469), (3373, 469))
((3373, 469), (3373, 469))
((3374, 469), (3374, 469))
((3382, 470), (3382, 470))
((3382, 470), (3382, 470))
((3388, 471), (3388, 471))
((3388, 471), (3388, 471))
((3403, 473), (3403, 473))
((3403, 473), (3403, 473))
((3409, 474), (3409, 474))
((3409, 474), (3409, 474))
((3418, 475), (3418, 475))
((3418, 475), (3418, 475))
((3425, 476), (3425, 476))
((3425, 476), (3425, 476))
((3430, 477), (3430, 477))
((3445, 479), (3445, 479))
((3445, 479), (3445, 479))
((3460, 481), (3460, 481))
((3460, 481), (3460, 481))
((3467, 482), (3467, 482))
((3467, 482), (3467, 482))
((3475, 483), (3475, 483))
((3475, 483), (3475, 483))
((3503, 487), (3503, 487))
((3503, 487), (3503, 487))
((3511, 488), (3511, 488))
((3511, 488), (3511, 488))
((3512, 488), (3512, 488))
((3539, 492), (3539, 492))
((3539, 492), (3539, 492))
((3553, 494), (3553, 494))
((3553, 494), (3553, 494))
((3554, 494), (3554, 494))
((3569, 496), (3569, 496))
((3569, 496), (3569, 496))
((3611, 502), (3611, 502))
((3611, 502), (3611, 502))
((3698, 514), (3698, 514))
((3698, 514), (3698, 514))
((3719, 517), (3719, 517))
((3719, 517), (3719, 517))
((3755, 522), (3755, 522))
((3755, 522), (3755, 522))
((3763, 523), (3763, 523))
((3763, 523), (3763, 523))
((3776, 525), (3776, 525))
((3776, 525), (3776, 525))
((3842, 534), (3842, 534))
((3842, 534), (3842, 534))
((3856, 536), (3856, 536))
((3856, 536), (3856, 536))
((3871, 538), (3871, 538))
((3871, 538), (3871, 538))
((3878, 539), (3878, 539))
((3878, 539), (3878, 539))
((3914, 544), (3914, 544))
((3914, 544), (3914, 544))
((3920, 545), (3920, 545))
((3920, 545), (3920, 545))
((3929, 546), (3929, 546))
((3929, 546), (3929, 546))
((3935, 547), (3935, 547))
((3935, 547), (3935, 547))
((3943, 548), (3943, 548))
((3943, 548), (3943, 548))
((3971, 552), (3971, 552))
((3971, 552), (3971, 552))
((3979, 553), (3979, 553))
((3979, 553), (3979, 553))
((3992, 555), (3992, 555))
((3992, 555), (3992, 555))
((4007, 557), (4007, 557))
((4007, 557), (4007, 557))
((4015, 558), (4015, 558))
((4015, 558), (4015, 558))
((4028, 560), (4028, 560))
((4028, 560), (4028, 560))
((4036, 561), (4036, 561))
((4036, 561), (4036, 561))
((4051, 563), (4051, 563))
((4051, 563), (4051, 563))
((4064, 565), (4064, 565))
((4064, 565), (4064, 565))
((4136, 575), (4136, 575))
((4136, 575), (4136, 575))
((4165, 579), (4165, 579))
((4165, 579), (4165, 579))
((4166, 579), (4166, 579))
((4252, 591), (4252, 591))
((4252, 591), (4252, 591))
((4253, 591), (4253, 591))
((4259, 592), (4259, 592))
((4259, 592), (4259, 592))
((4288, 596), (4288, 596))
((4288, 596), (4288, 596))
((4309, 599), (4309, 599))
((4309, 599), (4309, 599))
((4316, 600), (4316, 600))
((4316, 600), (4316, 600))
((4331, 602), (4331, 602))
((4331, 602), (4331, 602))
((4367, 607), (4367, 607))
((4367, 607), (4367, 607))
((4373, 608), (4373, 608))
((4373, 608), (4373, 608))
((4388, 610), (4388, 610))
((4388, 610), (4388, 610))
((4394, 611), (4394, 611))
((4394, 611), (4394, 611))
((4403, 612), (4403, 612))
((4403, 612), (4403, 612))
((4409, 613), (4409, 613))
((4409, 613), (4409, 613))
((4424, 615), (4424, 615))
((4424, 615), (4424, 615))
((4432, 616), (4432, 616))
((4432, 616), (4432, 616))
((4502, 626), (4502, 626))
((4502, 626), (4502, 626))
((4517, 628), (4517, 628))
((4519, 628), (4519, 628))
((4532, 630), (4532, 630))
((4532, 630), (4532, 630))
((4540, 631), (4540, 631))
((4540, 631), (4540, 631))
((4547, 632), (4547, 632))
((4547, 632), (4547, 632))
((4568, 635), (4568, 635))
((4568, 635), (4568, 635))
((4589, 638), (4589, 638))
((4591, 638), (4591, 638))
((4610, 641), (4610, 641))
((4612, 641), (4612, 641))
((4684, 651), (4684, 651))
((4684, 651), (4684, 651))
((4697, 653), (4697, 653))
((4697, 653), (4697, 653))
((4718, 656), (4718, 656))
((4718, 656), (4718, 656))
((4739, 659), (4739, 659))
((4739, 659), (4739, 659))
((4750, 660), (4750, 660))
((4750, 660), (4750, 660))
((4760, 662), (4760, 662))
((4760, 662), (4760, 662))
((4775, 664), (4775, 664))
((4775, 664), (4775, 664))
((4805, 668), (4805, 668))
((4805, 668), (4805, 668))
((4826, 671), (4826, 671))
((4826, 671), (4826, 671))
((4871, 677), (4871, 677))
((4871, 677), (4871, 677))
((4885, 679), (4885, 679))
((4885, 679), (4885, 679))
((4898, 681), (4898, 681))
((4900, 681), (4900, 681))
((4921, 684), (4921, 684))
((4921, 684), (4921, 684))
((4972, 691), (4972, 691))
((4972, 691), (4972, 691))
((4985, 693), (4985, 693))
((4985, 693), (4985, 693))
((5021, 698), (5021, 698))
((5021, 698), (5021, 698))
((5029, 699), (5029, 699))
((5029, 699), (5029, 699))
((5042, 701), (5042, 701))
((5042, 701), (5042, 701))
((5063, 704), (5063, 704))
((5065, 704), (5065, 704))
((5131, 713), (5131, 713))
((5131, 713), (5131, 713))
((5152, 716), (5152, 716))
((5152, 716), (5152, 716))
((5156, 717), (5156, 717))
((5156, 717), (5156, 717))
((5186, 721), (5186, 721))
((5188, 721), (5188, 721))
((5192, 722), (5192, 722))
((5192, 722), (5192, 722))
((5207, 724), (5207, 724))
((5209, 724), (5209, 724))
((5224, 726), (5224, 726))
((5224, 726), (5224, 726))
((5234, 728), (5234, 728))
((5234, 728), (5234, 728))
((5258, 731), (5258, 731))
((5260, 731), (5260, 731))
((5273, 733), (5273, 733))
((5273, 733), (5273, 733))
((5281, 734), (5281, 734))
((5281, 734), (5281, 734))
((5288, 735), (5288, 735))
((5288, 735), (5288, 735))
((5306, 738), (5306, 738))
((5306, 738), (5306, 738))
((5315, 739), (5315, 739))
((5317, 739), (5317, 739))
((5330, 741), (5330, 741))
((5332, 741), (5332, 741))
((5338, 742), (5338, 742))
((5338, 742), (5338, 742))
((5351, 744), (5351, 744))
((5351, 744), (5351, 744))
((5366, 746), (5366, 746))
((5366, 746), (5366, 746))
((5387, 749), (5387, 749))
((5387, 749), (5387, 749))
((5402, 751), (5402, 751))
((5402, 751), (5402, 751))
((5425, 754), (5425, 754))
((5425, 754), (5425, 754))
((5438, 756), (5438, 756))
((5438, 756), (5438, 756))
((5459, 759), (5459, 759))
((5459, 759), (5459, 759))
((5497, 764), (5497, 764))
((5497, 764), (5497, 764))
((5501, 765), (5501, 765))
((5501, 765), (5501, 765))
((5512, 766), (5512, 766))
((5512, 766), (5512, 766))
((5548, 771), (5548, 771))
((5548, 771), (5548, 771))
((5563, 773), (5563, 773))
((5563, 773), (5563, 773))
((5579, 776), (5579, 776))
((5579, 776), (5579, 776))
((5584, 776), (5584, 776))
((5594, 778), (5594, 778))
((5594, 778), (5594, 778))
((5600, 779), (5600, 779))
((5600, 779), (5600, 779))
((5603, 779), (5603, 779))
((5605, 779), (5605, 779))
((5609, 780), (5609, 780))
((5609, 780), (5609, 780))
((5618, 781), (5618, 781))
((5620, 781), (5620, 781))
((5621, 782), (5621, 782))
((5630, 783), (5630, 783))
((5630, 783), (5630, 783))
((5639, 784), (5639, 784))
((5639, 784), (5639, 784))
((5645, 785), (5645, 785))
((5645, 785), (5645, 785))
((5665, 787), (5665, 787))
((5665, 787), (5665, 787))
((5671, 788), (5671, 788))
((5671, 788), (5671, 788))
((5672, 789), (5672, 789))
((5681, 790), (5681, 790))
((5681, 790), (5681, 790))
((5686, 790), (5686, 790))
((5687, 791), (5687, 791))
((5690, 791), (5690, 791))
((5693, 792), (5693, 792))
((5695, 791), (5695, 791))
((5701, 792), (5701, 792))
((5701, 792), (5701, 792))
((5702, 793), (5702, 793))
((5716, 794), (5716, 794))
((5716, 794), (5716, 794))
((5725, 795), (5725, 795))
((5725, 795), (5725, 795))
((5726, 796), (5726, 796))
((5732, 797), (5732, 797))
((5732, 797), (5732, 797))
((5747, 799), (5747, 799))
((5747, 799), (5747, 799))
((5752, 799), (5752, 799))
((5758, 800), (5758, 800))
((5758, 800), (5758, 800))
((5762, 801), (5762, 801))
((5762, 801), (5762, 801))
((5782, 803), (5782, 803))
((5782, 803), (5782, 803))
((5783, 804), (5783, 804))
((5791, 804), (5791, 804))
((5791, 804), (5791, 804))
((5794, 805), (5794, 805))
((5797, 805), (5797, 805))
((5812, 807), (5812, 807))
((5812, 807), (5812, 807))
((5818, 808), (5818, 808))
((5818, 808), (5818, 808))
((5821, 808), (5821, 808))
((5824, 809), (5824, 809))
((5825, 810), (5825, 810))
((5837, 812), (5837, 812))
((5837, 812), (5837, 812))
((5840, 812), (5840, 812))
((5848, 812), (5848, 812))
((5848, 812), (5848, 812))
((5854, 813), (5854, 813))
((5854, 813), (5854, 813))
((5858, 815), (5858, 815))
((5858, 815), (5858, 815))
((5863, 814), (5863, 814))
((5876, 817), (5876, 817))
((5876, 817), (5876, 817))
((5884, 817), (5884, 817))
((5884, 817), (5884, 817))
((5902, 819), (5902, 819))
((5902, 819), (5902, 819))
((5908, 820), (5908, 820))
((5908, 820), (5908, 820))
((5914, 821), (5914, 821))
((5914, 821), (5914, 821))
((5917, 821), (5917, 821))
((5920, 822), (5920, 822))
((5923, 822), (5923, 822))
((5929, 823), (5929, 823))
((5929, 823), (5929, 823))
((5933, 825), (5933, 825))
((5933, 825), (5933, 825))
((5938, 824), (5938, 824))
((5953, 826), (5953, 826))
((5953, 826), (5953, 826))
((5954, 828), (5954, 828))
((5966, 830), (5966, 830))
((5968, 828), (5968, 828))
((5974, 829), (5974, 829))
((5974, 829), (5974, 829))
((5975, 831), (5975, 831))
((5981, 832), (5981, 832))
((5981, 832), (5981, 832))
((5987, 833), (5987, 833))
((5989, 831), (5989, 831))
((5993, 834), (5993, 834))
((5993, 834), (5993, 834))
((5999, 835), (5999, 836))
((6001, 831), (6001, 832))
((6002, 837), (6002, 838))
((6004, 830), (6004, 831))
