((3005, 418), (3007, 418))
((3008, 419), (3010, 418))
((3011, 419), (3013, 419))
((3014, 419), (3016, 419))
((3017, 420), (3019, 419))
((3020, 420), (3022, 420))
((3023, 421), (3025, 420))
((3026, 421), (3028, 421))
((3029, 422), (3031, 421))
((3032, 422), (3034, 421))
((3035, 422), (3037, 422))
((3038, 423), (3040, 422))
((3041, 423), (3043, 423))
((3044, 424), (3046, 423))
((3047, 424), (3049, 423))
((3050, 424), (3052, 424))
((3053, 425), (3055, 424))
((3056, 425), (3058, 425))
((3059, 426), (3061, 425))
((3062, 426), (3064, 425))
((3065, 427), (3067, 426))
((3068, 427), (3070, 426))
((3071, 427), (3073, 427))
((3074, 428), (3076, 427))
((3077, 428), (3079, 428))
((3080, 429), (3082, 428))
((3083, 429), (3085, 428))
((3086, 429), (3088, 429))
((3089, 430), (3091, 429))
((3092, 430), (3094, 429))
((3095, 431), (3097, 430))
((3098, 431), (3100, 430))
((3101, 432), (3103, 431))
((3104, 432), (3106, 431))
((3107, 432), (3109, 432))
((3110, 433), (3112, 432))
((3113, 433), (3115, 432))
((3116, 434), (3118, 433))
((3119, 434), (3121, 433))
((3122, 434), (3124, 434))
((3125, 435), (3127, 434))
((3128, 435), (3130, 435))
((3131, 436), (3133, 435))
((3134, 436), (3136, 435))
((3137, 437), (3139, 436))
((3140, 437), (3142, 436))
((3143, 437), (3145, 437))
((3146, 438), (3148, 437))
((3149, 438), (3151, 438))
((3152, 438), (3154, 438))
((3155, 439), (3157, 438))
((3158, 439), (3160, 439))
((3161, 440), (3163, 439))
((3164, 440), (3166, 440))
((3167, 441), (3169, 440))
((3170, 441), (3172, 440))
((3173, 442), (3175, 441))
((3176, 442), (3178, 441))
((3179, 442), (3181, 442))
((3182, 443), (3184, 442))
((3185, 443), (3187, 442))
((3188, 444), (3190, 443))
((3191, 444), (3193, 443))
((3194, 444), (3196, 444))
((3197, 445), (3199, 444))
((3200, 445), (3202, 445))
((3203, 446), (3205, 445))
((3206, 446), (3208, 445))
((3209, 446), (3211, 446))
((3212, 447), (3214, 446))
((3215, 447), (3217, 447))
((3218, 448), (3220, 447))
((3221, 448), (3223, 447))
((3224, 449), (3226, 448))
((3227, 449), (3229, 448))
((3230, 449), (3232, 449))
((3233, 450), (3235, 449))
((3236, 450), (3238, 449))
((3239, 451), (3241, 450))
((3242, 451), (3244, 450))
((3245, 451), (3247, 451))
((3248, 452), (3250, 451))
((3251, 452), (3253, 452))
((3254, 453), (3256, 452))
((3257, 453), (3259, 452))
((3260, 454), (3262, 453))
((3263, 454), (3265, 453))
((3266, 454), (3268, 454))
((3269, 455), (3271, 454))
((3272, 455), (3274, 455))
((3275, 456), (3277, 455))
((3278, 456), (3280, 455))
((3281, 457), (3283, 456))
((3284, 457), (3286, 456))
((3287, 457), (3289, 457))
((3290, 458), (3292, 457))
((3293, 458), (3295, 457))
((3296, 459), (3298, 458))
((3299, 459), (3301, 458))
((3302, 459), (3304, 459))
((3305, 460), (3307, 459))
((3308, 461), (3310, 460))
((3311, 461), (3313, 460))
((3314, 461), (3316, 460))
((3317, 462), (3319, 461))
((3320, 462), (3322, 461))
((3323, 462), (3325, 461))
((3326, 463), (3328, 462))
((3329, 463), (3331, 462))
((3332, 464), (3334, 463))
((3335, 464), (3337, 463))
((3338, 464), (3340, 464))
((3341, 465), (3343, 464))
((3344, 465), (3346, 464))
((3347, 466), (3349, 465))
((3350, 466), (3352, 465))
((3353, 467), (3355, 466))
((3356, 467), (3358, 466))
((3359, 467), (3361, 466))
((3362, 468), (3364, 467))
((3365, 468), (3367, 467))
((3368, 469), (3370, 468))
((3371, 469), (3373, 468))
((3374, 470), (3376, 469))
((3377, 470), (3379, 469))
((3380, 470), (3382, 469))
((3383, 471), (3385, 470))
((3386, 471), (3388, 470))
((3389, 472), (3391, 471))
((3392, 472), (3394, 471))
((3395, 473), (3397, 472))
((3398, 473), (3400, 472))
((3401, 473), (3403, 472))
((3404, 474), (3406, 473))
((3407, 474), (3409, 473))
((3410, 475), (3412, 474))
((3413, 475), (3415, 474))
((3416, 475), (3418, 474))
((3419, 476), (3421, 475))
((3422, 476), (3424, 475))
((3425, 477), (3427, 476))
((3428, 477), (3430, 476))
((3431, 477), (3433, 477))
((3434, 478), (3436, 477))
((3437, 478), (3439, 477))
((3440, 479), (3442, 478))
((3443, 479), (3445, 478))
((3446, 479), (3448, 479))
((3449, 480), (3451, 479))
((3452, 480), (3454, 480))
((3455, 481), (3457, 480))
((3458, 481), (3460, 480))
((3461, 482), (3463, 481))
((3464, 482), (3466, 481))
((3467, 483), (3469, 482))
((3470, 483), (3472, 482))
((3473, 483), (3475, 482))
((3476, 484), (3478, 483))
((3479, 484), (3481, 483))
((3482, 485), (3484, 484))
((3485, 485), (3487, 484))
((3488, 485), (3490, 485))
((3491, 486), (3493, 485))
((3494, 486), (3496, 485))
((3497, 487), (3499, 486))
((3500, 487), (3502, 486))
((3503, 488), (3505, 487))
((3506, 488), (3508, 487))
((3509, 488), (3511, 487))
((3512, 489), (3514, 488))
((3515, 489), (3517, 488))
((3518, 489), (3520, 489))
((3521, 490), (3523, 489))
((3524, 490), (3526, 490))
((3527, 491), (3529, 490))
((3530, 491), (3532, 490))
((3533, 492), (3535, 491))
((3536, 492), (3538, 491))
((3539, 493), (3541, 492))
((3542, 493), (3544, 492))
((3545, 493), (3547, 492))
((3548, 494), (3550, 493))
((3551, 494), (3553, 493))
((3554, 495), (3556, 494))
((3557, 495), (3559, 494))
((3560, 495), (3562, 494))
((3563, 496), (3565, 495))
((3566, 496), (3568, 495))
((3569, 497), (3571, 496))
((3572, 497), (3574, 496))
((3575, 497), (3577, 497))
((3578, 498), (3580, 497))
((3581, 498), (3583, 498))
((3584, 499), (3586, 498))
((3587, 499), (3589, 498))
((3590, 500), (3592, 499))
((3593, 500), (3595, 499))
((3596, 500), (3598, 499))
((3599, 501), (3601, 500))
((3602, 501), (3604, 500))
((3605, 502), (3607, 501))
((3608, 502), (3610, 501))
((3611, 503), (3613, 502))
((3614, 503), (3616, 502))
((3617, 503), (3619, 503))
((3620, 504), (3622, 503))
((3623, 504), (3625, 503))
((3626, 505), (3628, 504))
((3629, 505), (3631, 504))
((3632, 505), (3634, 505))
((3635, 506), (3637, 505))
((3638, 506), (3640, 505))
((3641, 507), (3643, 506))
((3644, 507), (3646, 506))
((3647, 507), (3649, 507))
((3650, 508), (3652, 507))
((3653, 508), (3655, 507))
((3656, 509), (3658, 508))
((3659, 509), (3661, 508))
((3662, 510), (3664, 509))
((3665, 510), (3667, 509))
((3668, 510), (3670, 510))
((3671, 511), (3673, 510))
((3674, 511), (3676, 510))
((3677, 512), (3679, 511))
((3680, 512), (3682, 511))
((3683, 512), (3685, 512))
((3686, 513), (3688, 512))
((3689, 513), (3691, 512))
((3692, 514), (3694, 513))
((3695, 514), (3697, 513))
((3698, 515), (3700, 514))
((3701, 515), (3703, 514))
((3704, 515), (3706, 514))
((3707, 516), (3709, 515))
((3710, 516), (3712, 515))
((3713, 517), (3715, 516))
((3716, 517), (3718, 516))
((3719, 518), (3721, 517))
((3722, 518), (3724, 517))
((3725, 518), (3727, 517))
((3728, 519), (3730, 518))
((3731, 519), (3733, 518))
((3734, 520), (3736, 519))
((3737, 520), (3739, 519))
((3740, 520), (3742, 519))
((3743, 521), (3745, 520))
((3746, 521), (3748, 520))
((3749, 522), (3751, 521))
((3752, 522), (3754, 521))
((3755, 523), (3757, 522))
((3758, 523), (3760, 522))
((3761, 523), (3763, 522))
((3764, 524), (3766, 523))
((3767, 524), (3769, 523))
((3770, 525), (3772, 524))
((3773, 525), (3775, 524))
((3776, 526), (3778, 525))
((3779, 526), (3781, 525))
((3782, 526), (3784, 525))
((3785, 527), (3787, 526))
((3788, 527), (3790, 526))
((3791, 528), (3793, 527))
((3794, 528), (3796, 527))
((3797, 529), (3799, 527))
((3800, 529), (3802, 528))
((3803, 529), (3805, 528))
((3806, 530), (3808, 529))
((3809, 530), (3811, 529))
((3812, 530), (3814, 530))
((3815, 531), (3817, 530))
((3818, 531), (3820, 530))
((3821, 532), (3823, 531))
((3824, 532), (3826, 531))
((3827, 532), (3829, 532))
((3830, 533), (3832, 532))
((3833, 533), (3835, 532))
((3836, 534), (3838, 533))
((3839, 534), (3841, 533))
((3842, 535), (3844, 534))
((3845, 535), (3847, 534))
((3848, 535), (3850, 535))
((3851, 536), (3853, 535))
((3854, 536), (3856, 535))
((3857, 537), (3859, 536))
((3860, 537), (3862, 536))
((3863, 538), (3865, 537))
((3866, 538), (3868, 537))
((3869, 538), (3871, 537))
((3872, 539), (3874, 538))
((3875, 539), (3877, 538))
((3878, 540), (3880, 539))
((3881, 540), (3883, 539))
((3884, 540), (3886, 540))
((3887, 541), (3889, 540))
((3890, 541), (3892, 541))
((3893, 542), (3895, 541))
((3896, 542), (3898, 541))
((3899, 542), (3901, 542))
((3902, 543), (3904, 542))
((3905, 543), (3907, 543))
((3908, 544), (3910, 543))
((3911, 544), (3913, 543))
((3914, 545), (3916, 544))
((3917, 545), (3919, 544))
((3920, 546), (3922, 545))
((3923, 546), (3925, 545))
((3926, 546), (3928, 545))
((3929, 547), (3931, 546))
((3932, 547), (3934, 546))
((3935, 548), (3937, 547))
((3938, 548), (3940, 547))
((3941, 548), (3943, 547))
((3944, 549), (3946, 548))
((3947, 549), (3949, 548))
((3950, 550), (3952, 549))
((3953, 550), (3955, 549))
((3956, 550), (3958, 550))
((3959, 551), (3961, 550))
((3962, 551), (3964, 550))
((3965, 552), (3967, 551))
((3968, 552), (3970, 551))
((3971, 553), (3973, 552))
((3974, 553), (3976, 552))
((3977, 553), (3979, 552))
((3980, 554), (3982, 553))
((3983, 554), (3985, 553))
((3986, 555), (3988, 554))
((3989, 555), (3991, 554))
((3992, 556), (3994, 555))
((3995, 556), (3997, 555))
((3998, 556), (4000, 555))
((4001, 557), (4003, 556))
((4004, 557), (4006, 556))
((4007, 558), (4009, 557))
((4010, 558), (4012, 557))
((4013, 558), (4015, 557))
((4016, 559), (4018, 558))
((4019, 559), (4021, 558))
((4022, 560), (4024, 559))
((4025, 560), (4027, 559))
((4028, 561), (4030, 560))
((4031, 561), (4033, 560))
((4034, 561), (4036, 560))
((4037, 562), (4039, 561))
((4040, 562), (4042, 561))
((4043, 563), (4045, 562))
((4046, 563), (4048, 562))
((4049, 563), (4051, 562))
((4052, 564), (4054, 563))
((4055, 564), (4057, 563))
((4058, 565), (4060, 564))
((4061, 565), (4063, 564))
((4064, 566), (4066, 565))
((4067, 566), (4069, 565))
((4070, 566), (4072, 565))
((4073, 567), (4075, 566))
((4076, 567), (4078, 566))
((4079, 568), (4081, 567))
((4082, 568), (4084, 567))
((4085, 568), (4087, 568))
((4088, 569), (4090, 568))
((4091, 569), (4093, 568))
((4094, 570), (4096, 569))
((4097, 570), (4099, 569))
((4100, 571), (4102, 570))
((4103, 571), (4105, 570))
((4106, 571), (4108, 570))
((4109, 572), (4111, 571))
((4112, 572), (4114, 571))
((4115, 573), (4117, 572))
((4118, 573), (4120, 572))
((4121, 573), (4123, 572))
((4124, 574), (4126, 573))
((4127, 574), (4129, 573))
((4130, 575), (4132, 574))
((4133, 575), (4135, 574))
((4136, 576), (4138, 575))
((4139, 576), (4141, 575))
((4142, 576), (4144, 575))
((4145, 577), (4147, 576))
((4148, 577), (4150, 576))
((4151, 578), (4153, 577))
((4154, 578), (4156, 577))
((4157, 578), (4159, 578))
((4160, 579), (4162, 578))
((4163, 579), (4165, 578))
((4166, 580), (4168, 579))
((4169, 580), (4171, 579))
((4172, 580), (4174, 580))
((4175, 581), (4177, 580))
((4178, 581), (4180, 581))
((4181, 582), (4183, 581))
((4184, 582), (4186, 581))
((4187, 583), (4189, 582))
((4190, 583), (4192, 582))
((4193, 583), (4195, 583))
((4196, 584), (4198, 583))
((4199, 584), (4201, 583))
((4202, 585), (4204, 584))
((4205, 585), (4207, 584))
((4208, 586), (4210, 585))
((4211, 586), (4213, 585))
((4214, 586), (4216, 585))
((4217, 587), (4219, 586))
((4220, 587), (4222, 586))
((4223, 588), (4225, 587))
((4226, 588), (4228, 587))
((4229, 588), (4231, 588))
((4232, 589), (4234, 588))
((4235, 589), (4237, 588))
((4238, 590), (4240, 589))
((4241, 590), (4243, 589))
((4244, 590), (4246, 590))
((4247, 591), (4249, 590))
((4250, 591), (4252, 590))
((4253, 592), (4255, 591))
((4256, 592), (4258, 591))
((4259, 593), (4261, 592))
((4262, 593), (4264, 592))
((4265, 593), (4267, 593))
((4268, 594), (4270, 593))
((4271, 594), (4273, 593))
((4274, 595), (4276, 594))
((4277, 595), (4279, 594))
((4280, 595), (4282, 595))
((4283, 596), (4285, 595))
((4286, 596), (4288, 595))
((4289, 597), (4291, 596))
((4292, 597), (4294, 596))
((4295, 598), (4297, 597))
((4298, 598), (4300, 597))
((4301, 598), (4303, 598))
((4304, 599), (4306, 598))
((4307, 599), (4309, 598))
((4310, 600), (4312, 599))
((4313, 600), (4315, 599))
((4316, 601), (4318, 600))
((4319, 601), (4321, 600))
((4322, 601), (4324, 601))
((4325, 602), (4327, 601))
((4328, 602), (4330, 601))
((4331, 603), (4333, 602))
((4334, 603), (4336, 602))
((4337, 603), (4339, 603))
((4340, 604), (4342, 603))
((4343, 604), (4345, 603))
((4346, 605), (4348, 604))
((4349, 605), (4351, 604))
((4352, 606), (4354, 605))
((4355, 606), (4357, 605))
((4358, 606), (4360, 605))
((4361, 607), (4363, 606))
((4364, 607), (4366, 606))
((4367, 608), (4369, 607))
((4370, 608), (4372, 607))
((4373, 609), (4375, 607))
((4376, 609), (4378, 608))
((4379, 609), (4381, 608))
((4382, 610), (4384, 609))
((4385, 610), (4387, 609))
((4388, 611), (4390, 610))
((4391, 611), (4393, 610))
((4394, 612), (4396, 610))
((4397, 612), (4399, 611))
((4400, 612), (4402, 611))
((4403, 613), (4405, 612))
((4406, 613), (4408, 612))
((4409, 614), (4411, 612))
((4412, 614), (4414, 613))
((4415, 614), (4417, 613))
((4418, 615), (4420, 614))
((4421, 615), (4423, 614))
((4424, 616), (4426, 615))
((4427, 616), (4429, 615))
((4430, 616), (4432, 615))
((4433, 617), (4435, 616))
((4436, 617), (4438, 616))
((4439, 618), (4441, 617))
((4442, 618), (4444, 617))
((4445, 618), (4447, 618))
((4448, 619), (4450, 618))
((4451, 619), (4453, 618))
((4454, 620), (4456, 619))
((4457, 620), (4459, 619))
((4460, 621), (4462, 620))
((4463, 621), (4465, 620))
((4466, 621), (4468, 620))
((4469, 622), (4471, 621))
((4472, 622), (4474, 621))
((4475, 623), (4477, 622))
((4478, 623), (4480, 622))
((4481, 623), (4483, 622))
((4484, 624), (4486, 623))
((4487, 624), (4489, 623))
((4490, 625), (4492, 624))
((4493, 625), (4495, 624))
((4496, 626), (4498, 625))
((4499, 626), (4501, 625))
((4502, 627), (4504, 625))
((4505, 627), (4507, 626))
((4508, 627), (4510, 626))
((4511, 628), (4513, 627))
((4514, 628), (4516, 627))
((4517, 629), (4519, 627))
((4520, 629), (4522, 628))
((4523, 629), (4525, 628))
((4526, 630), (4528, 629))
((4529, 630), (4531, 629))
((4532, 631), (4534, 630))
((4535, 631), (4537, 630))
((4538, 631), (4540, 630))
((4541, 632), (4543, 631))
((4544, 632), (4546, 631))
((4547, 633), (4549, 632))
((4550, 633), (4552, 632))
((4553, 633), (4555, 633))
((4556, 634), (4558, 633))
((4559, 634), (4561, 633))
((4562, 635), (4564, 634))
((4565, 635), (4567, 634))
((4568, 636), (4570, 635))
((4571, 636), (4573, 635))
((4574, 636), (4576, 635))
((4577, 637), (4579, 636))
((4580, 637), (4582, 636))
((4583, 638), (4585, 637))
((4586, 638), (4588, 637))
((4589, 639), (4591, 637))
((4592, 639), (4594, 638))
((4595, 639), (4597, 638))
((4598, 640), (4600, 639))
((4601, 640), (4603, 639))
((4604, 641), (4606, 640))
((4607, 641), (4609, 640))
((4610, 642), (4612, 640))
((4613, 642), (4615, 641))
((4616, 642), (4618, 641))
((4619, 643), (4621, 642))
((4622, 643), (4624, 642))
((4625, 644), (4627, 643))
((4628, 644), (4630, 643))
((4631, 644), (4633, 643))
((4634, 645), (4636, 644))
((4637, 645), (4639, 644))
((4640, 646), (4642, 645))
((4643, 646), (4645, 645))
((4646, 646), (4648, 645))
((4649, 647), (4651, 646))
((4652, 647), (4654, 646))
((4655, 648), (4657, 647))
((4658, 648), (4660, 647))
((4661, 649), (4663, 648))
((4664, 649), (4666, 648))
((4667, 649), (4669, 648))
((4670, 650), (4672, 649))
((4673, 650), (4675, 649))
((4676, 651), (4678, 650))
((4679, 651), (4681, 650))
((4682, 651), (4684, 650))
((4685, 652), (4687, 651))
((4688, 652), (4690, 651))
((4691, 653), (4693, 652))
((4694, 653), (4696, 652))
((4697, 654), (4699, 653))
((4700, 654), (4702, 653))
((4703, 654), (4705, 653))
((4706, 655), (4708, 654))
((4709, 655), (4711, 654))
((4712, 656), (4714, 655))
((4715, 656), (4717, 655))
((4718, 657), (4720, 655))
((4721, 657), (4723, 656))
((4724, 657), (4726, 656))
((4727, 658), (4729, 657))
((4730, 658), (4732, 657))
((4733, 659), (4735, 657))
((4736, 659), (4738, 658))
((4739, 660), (4741, 658))
((4742, 660), (4744, 659))
((4745, 660), (4747, 659))
((4748, 661), (4750, 659))
((4751, 661), (4753, 660))
((4754, 662), (4756, 660))
((4757, 662), (4759, 661))
((4760, 663), (4762, 661))
((4763, 663), (4765, 662))
((4766, 663), (4768, 662))
((4769, 664), (4771, 662))
((4772, 664), (4774, 663))
((4775, 665), (4777, 663))
((4778, 665), (4780, 664))
((4781, 665), (4783, 664))
((4784, 666), (4786, 665))
((4787, 666), (4789, 665))
((4790, 667), (4792, 665))
((4793, 667), (4795, 666))
((4796, 667), (4798, 666))
((4799, 668), (4801, 667))
((4802, 668), (4804, 667))
((4805, 669), (4807, 668))
((4808, 669), (4810, 668))
((4811, 669), (4813, 668))
((4814, 670), (4816, 669))
((4817, 670), (4819, 669))
((4820, 671), (4822, 670))
((4823, 671), (4825, 670))
((4826, 672), (4828, 670))
((4829, 672), (4831, 671))
((4832, 672), (4834, 671))
((4835, 673), (4837, 672))
((4838, 673), (4840, 672))
((4841, 674), (4843, 673))
((4844, 674), (4846, 673))
((4847, 674), (4849, 673))
((4850, 675), (4852, 674))
((4853, 675), (4855, 674))
((4856, 676), (4858, 675))
((4859, 676), (4861, 675))
((4862, 676), (4864, 675))
((4865, 677), (4867, 676))
((4868, 677), (4870, 676))
((4871, 678), (4873, 677))
((4874, 678), (4876, 677))
((4877, 678), (4879, 677))
((4880, 679), (4882, 678))
((4883, 679), (4885, 678))
((4886, 680), (4888, 679))
((4889, 680), (4891, 679))
((4892, 681), (4894, 680))
((4895, 681), (4897, 680))
((4898, 682), (4900, 680))
((4901, 682), (4903, 681))
((4904, 682), (4906, 681))
((4907, 683), (4909, 682))
((4910, 683), (4912, 682))
((4913, 684), (4915, 683))
((4916, 684), (4918, 683))
((4919, 684), (4921, 683))
((4922, 685), (4924, 684))
((4925, 685), (4927, 684))
((4928, 686), (4930, 685))
((4931, 686), (4933, 685))
((4934, 686), (4936, 686))
((4937, 687), (4939, 686))
((4940, 687), (4942, 686))
((4943, 688), (4945, 687))
((4946, 688), (4948, 687))
((4949, 688), (4951, 688))
((4952, 689), (4954, 688))
((4955, 689), (4957, 688))
((4958, 690), (4960, 689))
((4961, 690), (4963, 689))
((4964, 691), (4966, 690))
((4967, 691), (4969, 690))
((4970, 691), (4972, 690))
((4973, 692), (4975, 691))
((4976, 692), (4978, 691))
((4979, 693), (4981, 692))
((4982, 693), (4984, 692))
((4985, 694), (4987, 693))
((4988, 694), (4990, 693))
((4991, 694), (4993, 693))
((4994, 695), (4996, 694))
((4997, 695), (4999, 694))
((5000, 696), (5002, 695))
((5003, 696), (5005, 695))
((5006, 696), (5008, 696))
((5009, 697), (5011, 696))
((5012, 697), (5014, 696))
((5015, 698), (5017, 697))
((5018, 698), (5020, 697))
((5021, 699), (5023, 698))
((5024, 699), (5026, 698))
((5027, 699), (5029, 698))
((5030, 700), (5032, 699))
((5033, 700), (5035, 699))
((5036, 701), (5038, 700))
((5039, 701), (5041, 700))
((5042, 702), (5044, 701))
((5045, 702), (5047, 701))
((5048, 702), (5050, 701))
((5051, 703), (5053, 702))
((5054, 703), (5056, 702))
((5057, 704), (5059, 703))
((5060, 704), (5062, 703))
((5063, 705), (5065, 703))
((5066, 705), (5068, 704))
((5069, 705), (5071, 704))
((5072, 706), (5074, 705))
((5075, 706), (5077, 705))
((5078, 707), (5080, 706))
((5081, 707), (5083, 706))
((5084, 707), (5086, 706))
((5087, 708), (5089, 707))
((5090, 708), (5092, 707))
((5093, 709), (5095, 708))
((5096, 709), (5098, 708))
((5099, 710), (5101, 708))
((5102, 710), (5104, 709))
((5105, 710), (5107, 709))
((5108, 711), (5110, 710))
((5111, 711), (5113, 710))
((5114, 712), (5116, 710))
((5117, 712), (5119, 711))
((5120, 712), (5122, 711))
((5123, 713), (5125, 712))
((5126, 713), (5128, 712))
((5129, 714), (5131, 712))
((5132, 714), (5134, 713))
((5135, 715), (5137, 713))
((5138, 715), (5140, 714))
((5141, 715), (5143, 714))
((5144, 716), (5146, 715))
((5147, 716), (5149, 715))
((5150, 717), (5152, 715))
((5153, 717), (5155, 716))
((5156, 718), (5158, 716))
((5159, 718), (5161, 717))
((5162, 718), (5164, 717))
((5165, 719), (5167, 717))
((5168, 719), (5170, 718))
((5171, 720), (5173, 718))
((5174, 720), (5176, 719))
((5177, 720), (5179, 719))
((5180, 721), (5182, 720))
((5183, 721), (5185, 720))
((5186, 722), (5188, 720))
((5189, 722), (5191, 721))
((5192, 723), (5194, 721))
((5195, 723), (5197, 722))
((5198, 723), (5200, 722))
((5201, 724), (5203, 723))
((5204, 724), (5206, 723))
((5207, 725), (5209, 723))
((5210, 725), (5212, 724))
((5213, 725), (5215, 724))
((5216, 726), (5218, 725))
((5219, 726), (5221, 725))
((5222, 727), (5224, 725))
((5225, 727), (5227, 726))
((5228, 728), (5230, 726))
((5231, 728), (5233, 727))
((5234, 729), (5236, 727))
((5237, 729), (5239, 728))
((5240, 729), (5242, 728))
((5243, 730), (5245, 728))
((5246, 730), (5248, 729))
((5249, 730), (5251, 729))
((5252, 731), (5254, 730))
((5255, 731), (5257, 730))
((5258, 732), (5260, 730))
((5261, 732), (5263, 731))
((5264, 732), (5266, 731))
((5267, 733), (5269, 732))
((5270, 733), (5272, 732))
((5273, 734), (5275, 733))
((5276, 734), (5278, 733))
((5279, 734), (5281, 733))
((5282, 735), (5284, 734))
((5285, 735), (5287, 734))
((5288, 736), (5290, 735))
((5291, 736), (5293, 735))
((5294, 736), (5296, 736))
((5297, 737), (5299, 736))
((5300, 737), (5302, 736))
((5303, 738), (5305, 737))
((5306, 739), (5308, 737))
((5309, 739), (5311, 738))
((5312, 739), (5314, 738))
((5315, 740), (5317, 738))
((5318, 740), (5320, 739))
((5321, 740), (5323, 739))
((5324, 741), (5326, 740))
((5327, 741), (5329, 740))
((5330, 742), (5332, 740))
((5333, 742), (5335, 741))
((5336, 742), (5338, 741))
((5339, 743), (5341, 742))
((5342, 743), (5344, 742))
((5345, 744), (5347, 743))
((5348, 744), (5350, 743))
((5351, 745), (5353, 744))
((5354, 745), (5356, 744))
((5357, 745), (5359, 744))
((5360, 746), (5362, 745))
((5363, 746), (5365, 745))
((5366, 747), (5368, 746))
((5369, 747), (5371, 746))
((5372, 747), (5374, 746))
((5375, 748), (5377, 747))
((5378, 748), (5380, 747))
((5381, 749), (5383, 748))
((5384, 749), (5386, 748))
((5387, 750), (5389, 748))
((5390, 750), (5392, 749))
((5393, 750), (5395, 749))
((5396, 751), (5398, 750))
((5399, 751), (5401, 750))
((5402, 752), (5404, 751))
((5405, 752), (5407, 751))
((5408, 752), (5410, 751))
((5411, 753), (5413, 752))
((5414, 753), (5416, 752))
((5417, 754), (5419, 753))
((5420, 754), (5422, 753))
((5423, 754), (5425, 753))
((5426, 755), (5428, 754))
((5429, 755), (5431, 754))
((5432, 756), (5434, 755))
((5435, 756), (5437, 755))
((5438, 757), (5440, 756))
((5441, 757), (5443, 756))
((5444, 757), (5446, 756))
((5447, 758), (5449, 757))
((5450, 758), (5452, 757))
((5453, 759), (5455, 758))
((5456, 759), (5458, 758))
((5459, 760), (5461, 759))
((5462, 760), (5464, 759))
((5465, 760), (5467, 759))
((5468, 761), (5470, 760))
((5471, 761), (5473, 760))
((5474, 762), (5476, 761))
((5477, 762), (5479, 761))
((5480, 762), (5482, 761))
((5483, 763), (5485, 762))
((5486, 763), (5488, 762))
((5489, 764), (5491, 763))
((5492, 764), (5494, 763))
((5495, 765), (5497, 763))
((5498, 765), (5500, 764))
((5501, 766), (5503, 764))
((5504, 766), (5506, 765))
((5507, 766), (5509, 765))
((5510, 767), (5512, 765))
((5513, 767), (5515, 766))
((5516, 768), (5518, 766))
((5519, 768), (5521, 767))
((5522, 768), (5524, 767))
((5525, 769), (5527, 768))
((5528, 769), (5530, 768))
((5531, 770), (5533, 768))
((5534, 770), (5536, 769))
((5537, 771), (5539, 769))
((5540, 771), (5542, 770))
((5543, 771), (5545, 770))
((5546, 772), (5548, 770))
((5549, 772), (5551, 771))
((5552, 773), (5554, 771))
((5555, 773), (5557, 772))
((5558, 774), (5560, 772))
((5561, 774), (5563, 772))
((5564, 774), (5566, 773))
((5567, 775), (5569, 773))
((5570, 775), (5572, 774))
((5573, 776), (5575, 774))
((5576, 776), (5578, 775))
((5579, 777), (5581, 775))
((5582, 777), (5584, 775))
((5585, 777), (5587, 776))
((5588, 778), (5590, 776))
((5591, 778), (5593, 777))
((5594, 779), (5596, 777))
((5597, 779), (5599, 777))
((5600, 780), (5602, 778))
((5603, 780), (5605, 778))
((5606, 780), (5608, 779))
((5609, 781), (5611, 779))
((5612, 781), (5614, 780))
((5615, 782), (5617, 780))
((5618, 782), (5620, 780))
((5621, 783), (5623, 781))
((5624, 783), (5626, 781))
((5627, 783), (5629, 782))
((5630, 784), (5632, 782))
((5633, 784), (5635, 783))
((5636, 785), (5638, 783))
((5639, 785), (5641, 783))
((5642, 785), (5644, 784))
((5645, 786), (5647, 784))
((5648, 786), (5650, 785))
((5651, 787), (5653, 785))
((5654, 787), (5656, 785))
((5657, 787), (5659, 786))
((5660, 788), (5662, 786))
((5663, 788), (5665, 786))
((5666, 789), (5668, 787))
((5669, 789), (5671, 787))
((5672, 790), (5674, 788))
((5675, 790), (5677, 788))
((5678, 790), (5680, 789))
((5681, 791), (5683, 789))
((5684, 791), (5686, 789))
((5687, 792), (5689, 790))
((5690, 792), (5692, 790))
((5693, 793), (5695, 790))
((5696, 792), (5698, 791))
((5699, 793), (5701, 791))
((5702, 794), (5704, 792))
((5705, 794), (5707, 792))
((5708, 794), (5710, 793))
((5711, 795), (5713, 793))
((5714, 795), (5716, 793))
((5717, 795), (5719, 794))
((5720, 796), (5722, 794))
((5723, 796), (5725, 794))
((5726, 797), (5728, 795))
((5729, 797), (5731, 796))
((5732, 798), (5734, 796))
((5735, 798), (5737, 796))
((5738, 798), (5740, 797))
((5741, 799), (5743, 797))
((5744, 799), (5746, 798))
((5747, 800), (5749, 798))
((5750, 800), (5752, 798))
((5753, 800), (5755, 799))
((5756, 801), (5758, 799))
((5759, 801), (5761, 800))
((5762, 802), (5764, 800))
((5765, 802), (5767, 800))
((5768, 802), (5770, 801))
((5771, 803), (5773, 801))
((5774, 803), (5776, 802))
((5777, 804), (5779, 802))
((5780, 804), (5782, 802))
((5783, 805), (5785, 803))
((5786, 805), (5788, 803))
((5789, 805), (5791, 803))
((5792, 806), (5794, 804))
((5795, 806), (5797, 804))
((5798, 807), (5800, 805))
((5801, 807), (5803, 805))
((5804, 807), (5806, 806))
((5807, 808), (5809, 806))
((5810, 808), (5812, 806))
((5813, 809), (5815, 807))
((5816, 809), (5818, 807))
((5819, 810), (5821, 807))
((5822, 810), (5824, 808))
((5825, 811), (5827, 809))
((5828, 811), (5830, 809))
((5831, 811), (5833, 809))
((5834, 812), (5836, 810))
((5837, 813), (5839, 810))
((5840, 813), (5842, 811))
((5843, 813), (5845, 811))
((5846, 813), (5848, 811))
((5849, 814), (5851, 812))
((5852, 814), (5854, 812))
((5855, 815), (5857, 813))
((5858, 816), (5860, 813))
((5861, 815), (5863, 813))
((5864, 816), (5866, 814))
((5867, 816), (5869, 814))
((5870, 817), (5872, 815))
((5873, 817), (5875, 815))
((5876, 818), (5878, 816))
((5879, 818), (5881, 816))
((5882, 818), (5884, 816))
((5885, 819), (5887, 817))
((5888, 819), (5890, 817))
((5891, 820), (5893, 818))
((5894, 820), (5896, 818))
((5897, 820), (5899, 818))
((5900, 821), (5902, 818))
((5903, 821), (5905, 819))
((5906, 822), (5908, 819))
((5909, 822), (5911, 820))
((5912, 823), (5914, 820))
((5915, 823), (5917, 820))
((5918, 823), (5920, 821))
((5921, 824), (5923, 821))
((5924, 824), (5926, 822))
((5927, 825), (5929, 822))
((5930, 825), (5932, 823))
((5933, 826), (5935, 823))
((5936, 826), (5938, 823))
((5939, 826), (5941, 824))
((5942, 827), (5944, 824))
((5945, 827), (5947, 825))
((5948, 828), (5950, 825))
((5951, 828), (5953, 825))
((5954, 829), (5956, 826))
((5957, 829), (5959, 826))
((5960, 829), (5962, 827))
((5963, 830), (5965, 827))
((5966, 831), (5968, 827))
((5969, 831), (5971, 828))
((5972, 831), (5974, 828))
((5975, 832), (5977, 829))
((5978, 832), (5980, 829))
((5981, 833), (5983, 830))
((5984, 833), (5986, 830))
((5987, 834), (5989, 830))
((5990, 834), (5992, 831))
((5993, 835), (5995, 831))
((5996, 835), (5998, 831))
((5999, 837), (6001, 830))
((6002, 839), (6004, 829))
