((0, 1), (0, 1))
((1, 0), (2, 0))
((2, 2), (2, 2))
((4, 0), (4, 0))
((4, 2), (5, -1))
((5, 1), (5, 1))
((7, 3), (8, 1))
((10, 2), (10, 2))
((11, 2), (11, 2))
((13, 4), (14, 1))
((16, 2), (16, 2))
((17, 2), (17, 2))
((19, 3), (19, 3))
((20, 2), (20, 2))
((22, 3), (22, 3))
((23, 4), (23, 4))
((25, 4), (25, 5))
((26, 3), (26, 3))
((28, 4), (28, 4))
((31, 5), (32, 3))
((34, 5), (34, 5))
((38, 6), (38, 6))
((40, 5), (40, 5))
((40, 8), (41, 4))
((43, 7), (44, 4))
((44, 6), (44, 6))
((46, 7), (46, 7))
((49, 8), (50, 6))
((52, 8), (53, 7))
((55, 9), (56, 6))
((59, 8), (59, 8))
((62, 8), (62, 8))
((64, 10), (65, 8))
((68, 9), (68, 9))
((70, 10), (70, 10))
((76, 11), (77, 10))
((79, 12), (80, 10))
((85, 12), (86, 11))
((88, 13), (89, 11))
((97, 14), (98, 13))
((100, 15), (101, 13))
((103, 15), (104, 14))
((106, 16), (107, 14))
((109, 16), (110, 14))
((112, 16), (113, 15))
((115, 17), (116, 15))
((118, 17), (119, 16))
((121, 18), (122, 16))
((124, 18), (125, 16))
((137, 19), (137, 19))
((139, 21), (140, 19))
((142, 21), (143, 19))
((145, 21), (146, 20))
((148, 22), (149, 20))
((151, 22), (152, 20))
((154, 22), (155, 21))
((157, 23), (158, 21))
((163, 23), (164, 22))
((166, 24), (167, 22))
((172, 24), (173, 23))
((176, 24), (176, 24))
((178, 26), (179, 24))
((181, 26), (182, 25))
((184, 27), (185, 25))
((187, 27), (188, 25))
((190, 27), (191, 26))
((193, 28), (194, 26))
((196, 28), (197, 27))
((199, 29), (200, 27))
((202, 29), (203, 27))
((212, 29), (212, 29))
((214, 31), (215, 30))
((217, 31), (217, 31))
((226, 32), (227, 31))
((229, 33), (230, 31))
((232, 33), (233, 32))
((235, 34), (236, 32))
((244, 34), (245, 33))
((247, 35), (248, 33))
((251, 35), (251, 35))
((253, 36), (253, 36))
((260, 36), (260, 36))
((262, 36), (262, 36))
((262, 38), (263, 35))
((266, 36), (266, 36))
((268, 38), (269, 37))
((271, 39), (272, 37))
((278, 38), (278, 38))
((280, 39), (280, 39))
((283, 40), (284, 38))
((286, 40), (287, 39))
((292, 41), (293, 40))
((295, 42), (296, 40))
((301, 42), (302, 40))
((305, 42), (305, 42))
((307, 43), (307, 43))
((311, 43), (311, 43))
((313, 45), (314, 43))
((316, 45), (317, 43))
((319, 45), (320, 43))
((326, 45), (326, 45))
((328, 46), (328, 46))
((334, 47), (335, 46))
((337, 48), (338, 46))
((340, 48), (341, 46))
((346, 48), (347, 47))
((350, 48), (350, 48))
((352, 50), (353, 49))
((355, 50), (355, 50))
((362, 50), (362, 50))
((364, 52), (365, 50))
((367, 52), (368, 50))
((370, 52), (371, 51))
((373, 53), (374, 51))
((382, 53), (383, 52))
((391, 55), (392, 54))
((394, 56), (395, 54))
((397, 56), (398, 54))
((404, 56), (404, 56))
((406, 58), (407, 56))
((409, 58), (410, 56))
((412, 58), (413, 57))
((415, 59), (416, 57))
((418, 59), (419, 58))
((421, 59), (421, 59))
((422, 58), (422, 58))
((424, 60), (425, 58))
((434, 60), (434, 60))
((436, 61), (436, 61))
((440, 61), (440, 61))
((442, 63), (443, 61))
((445, 63), (446, 62))
((448, 63), (448, 63))
((460, 64), (461, 63))
((464, 64), (464, 64))
((466, 66), (467, 64))
((472, 66), (473, 65))
((475, 67), (476, 65))
((481, 67), (482, 66))
((485, 67), (485, 67))
((487, 68), (487, 68))
((491, 68), (491, 68))
((493, 70), (494, 68))
((496, 70), (497, 68))
((499, 70), (500, 68))
((506, 70), (506, 70))
((508, 71), (508, 71))
((514, 72), (515, 71))
((517, 73), (518, 71))
((520, 73), (521, 71))
((527, 73), (527, 73))
((529, 75), (530, 73))
((532, 75), (533, 74))
((535, 75), (535, 75))
((542, 75), (542, 75))
((544, 77), (545, 75))
((547, 77), (548, 75))
((556, 78), (557, 77))
((559, 78), (559, 78))
((569, 79), (569, 79))
((571, 80), (571, 80))
((574, 80), (575, 79))
((577, 81), (578, 79))
((592, 83), (593, 82))
((595, 84), (596, 82))
((598, 84), (599, 82))
((601, 84), (602, 83))
((604, 85), (605, 83))
((608, 84), (608, 84))
((610, 86), (611, 84))
((613, 86), (614, 84))
((625, 87), (626, 86))
((628, 88), (629, 86))
((640, 89), (641, 88))
((643, 90), (644, 88))
((656, 91), (656, 91))
((658, 93), (659, 91))
((661, 93), (662, 91))
((664, 93), (665, 91))
((679, 95), (680, 93))
((689, 96), (689, 96))
((691, 98), (692, 96))
((694, 98), (695, 96))
((697, 98), (698, 96))
((703, 98), (704, 97))
((706, 99), (707, 97))
((709, 99), (710, 98))
((712, 99), (712, 99))
((715, 100), (716, 98))
((722, 100), (722, 100))
((724, 102), (725, 100))
((730, 102), (731, 101))
((733, 103), (734, 101))
((736, 103), (737, 102))
((739, 103), (739, 103))
((745, 104), (746, 103))
((748, 105), (749, 103))
((751, 105), (752, 103))
((763, 106), (764, 105))
((766, 107), (767, 105))
((775, 108), (776, 107))
((778, 109), (779, 107))
((781, 109), (782, 108))
((784, 110), (785, 108))
((787, 110), (788, 109))
((790, 110), (790, 110))
((794, 110), (794, 110))
((796, 112), (797, 110))
((799, 112), (800, 111))
((802, 112), (802, 112))
((803, 111), (803, 111))
((805, 113), (806, 111))
((808, 113), (809, 112))
((811, 114), (812, 112))
((814, 114), (815, 112))
((823, 115), (824, 114))
((826, 116), (827, 114))
((829, 116), (830, 114))
((836, 116), (836, 116))
((838, 117), (838, 117))
((859, 120), (860, 119))
((862, 121), (863, 119))
((865, 121), (866, 120))
((868, 121), (868, 121))
((872, 121), (872, 121))
((874, 122), (874, 122))
((887, 123), (887, 123))
((889, 124), (889, 124))
((892, 124), (893, 123))
((896, 124), (896, 124))
((898, 126), (899, 124))
((901, 126), (902, 124))
((919, 128), (920, 127))
((922, 129), (923, 127))
((929, 129), (929, 129))
((931, 131), (932, 128))
((949, 132), (950, 131))
((953, 132), (953, 132))
((955, 134), (956, 132))
((958, 134), (959, 132))
((961, 134), (962, 133))
((964, 135), (965, 133))
((974, 135), (974, 135))
((976, 136), (976, 136))
((980, 136), (980, 136))
((982, 138), (983, 136))
((985, 138), (986, 136))
((988, 138), (989, 136))
((997, 139), (998, 138))
((1000, 140), (1001, 138))
((1006, 140), (1007, 139))
((1009, 141), (1010, 139))
((1016, 141), (1016, 141))
((1018, 142), (1018, 142))
((1025, 142), (1025, 142))
((1027, 143), (1027, 143))
((1031, 143), (1031, 143))
((1033, 145), (1034, 143))
((1036, 145), (1037, 143))
((1046, 145), (1046, 145))
((1048, 146), (1048, 146))
((1063, 148), (1064, 147))
((1066, 149), (1067, 147))
((1072, 149), (1073, 148))
((1075, 150), (1076, 148))
((1078, 150), (1079, 149))
((1081, 151), (1082, 149))
((1093, 152), (1094, 151))
((1096, 153), (1097, 151))
((1099, 153), (1100, 152))
((1102, 154), (1103, 152))
((1105, 154), (1106, 153))
((1108, 155), (1109, 153))
((1111, 155), (1112, 153))
((1114, 155), (1115, 154))
((1117, 156), (1118, 154))
((1120, 156), (1121, 155))
((1123, 157), (1124, 155))
((1126, 157), (1127, 156))
((1129, 158), (1130, 156))
((1132, 158), (1133, 156))
((1139, 158), (1139, 158))
((1141, 160), (1142, 158))
((1144, 160), (1145, 158))
((1147, 160), (1148, 159))
((1150, 161), (1151, 159))
((1153, 161), (1154, 159))
((1156, 161), (1157, 160))
((1159, 162), (1160, 160))
((1166, 162), (1166, 162))
((1168, 164), (1169, 162))
((1171, 164), (1172, 162))
((1174, 164), (1175, 163))
((1177, 165), (1178, 163))
((1180, 165), (1181, 163))
((1183, 165), (1184, 164))
((1186, 166), (1187, 164))
((1192, 166), (1193, 165))
((1195, 167), (1196, 165))
((1201, 167), (1202, 166))
((1205, 167), (1205, 167))
((1207, 169), (1208, 167))
((1210, 169), (1211, 167))
((1217, 169), (1217, 169))
((1219, 171), (1220, 169))
((1222, 171), (1223, 169))
((1225, 171), (1226, 170))
((1228, 172), (1229, 170))
((1231, 172), (1232, 170))
((1234, 172), (1235, 171))
((1237, 173), (1238, 171))
((1241, 172), (1241, 172))
((1243, 174), (1244, 172))
((1246, 174), (1247, 173))
((1249, 175), (1250, 173))
((1252, 175), (1253, 174))
((1255, 176), (1256, 174))
((1258, 176), (1259, 174))
((1261, 176), (1262, 175))
((1264, 177), (1265, 175))
((1267, 177), (1268, 175))
((1276, 178), (1277, 177))
((1279, 179), (1280, 177))
((1282, 179), (1283, 178))
((1285, 180), (1286, 178))
((1288, 180), (1289, 178))
((1295, 180), (1295, 180))
((1297, 182), (1298, 180))
((1300, 182), (1301, 180))
((1303, 182), (1304, 181))
((1306, 183), (1307, 181))
((1309, 183), (1310, 181))
((1312, 183), (1313, 182))
((1315, 184), (1316, 182))
((1325, 184), (1325, 184))
((1327, 185), (1327, 185))
((1333, 186), (1334, 184))
((1340, 186), (1340, 186))
((1342, 187), (1342, 187))
((1346, 187), (1346, 187))
((1348, 188), (1348, 188))
((1355, 188), (1355, 188))
((1357, 189), (1357, 189))
((1360, 189), (1361, 188))
((1364, 189), (1364, 189))
((1366, 190), (1366, 190))
((1369, 191), (1370, 189))
((1372, 191), (1373, 190))
((1375, 192), (1376, 190))
((1384, 193), (1385, 192))
((1387, 194), (1388, 192))
((1390, 194), (1391, 193))
((1393, 195), (1394, 193))
((1396, 195), (1397, 193))
((1399, 195), (1400, 193))
((1406, 195), (1406, 195))
((1408, 196), (1408, 196))
((1414, 197), (1415, 196))
((1417, 198), (1418, 196))
((1420, 198), (1421, 197))
((1423, 199), (1424, 197))
((1426, 199), (1427, 198))
((1429, 200), (1430, 198))
((1432, 200), (1433, 199))
((1435, 200), (1435, 200))
((1447, 201), (1448, 200))
((1451, 201), (1451, 201))
((1453, 203), (1454, 201))
((1459, 203), (1460, 202))
((1462, 204), (1463, 202))
((1469, 204), (1469, 204))
((1471, 205), (1471, 205))
((1480, 206), (1481, 205))
((1483, 207), (1484, 205))
((1486, 207), (1487, 205))
((1490, 207), (1490, 207))
((1492, 208), (1492, 208))
((1495, 208), (1496, 207))
((1498, 209), (1499, 207))
((1507, 210), (1508, 209))
((1510, 211), (1511, 209))
((1520, 211), (1520, 211))
((1522, 213), (1523, 211))
((1525, 213), (1526, 211))
((1535, 213), (1535, 213))
((1537, 215), (1538, 213))
((1540, 215), (1541, 214))
((1543, 216), (1544, 214))
((1546, 216), (1547, 214))
((1549, 216), (1550, 215))
((1552, 217), (1553, 215))
((1555, 217), (1556, 216))
((1558, 218), (1559, 216))
((1561, 218), (1562, 217))
((1564, 219), (1565, 217))
((1567, 219), (1568, 218))
((1570, 219), (1570, 219))
((1583, 220), (1583, 220))
((1585, 221), (1585, 221))
((1591, 222), (1592, 221))
((1594, 223), (1595, 221))
((1597, 223), (1598, 222))
((1600, 224), (1601, 222))
((1603, 224), (1604, 222))
((1609, 224), (1610, 223))
((1612, 225), (1613, 223))
((1622, 225), (1622, 225))
((1624, 226), (1624, 226))
((1630, 227), (1631, 226))
((1633, 228), (1634, 226))
((1639, 228), (1640, 227))
((1642, 229), (1643, 227))
((1649, 229), (1649, 229))
((1651, 231), (1652, 229))
((1654, 231), (1655, 229))
((1657, 231), (1658, 230))
((1660, 232), (1661, 230))
((1663, 232), (1664, 230))
((1666, 232), (1667, 231))
((1669, 233), (1670, 231))
((1675, 233), (1676, 232))
((1678, 234), (1679, 232))
((1687, 235), (1688, 234))
((1690, 236), (1691, 234))
((1693, 236), (1694, 235))
((1696, 237), (1697, 235))
((1699, 237), (1700, 236))
((1702, 237), (1702, 237))
((1709, 237), (1709, 237))
((1711, 239), (1712, 237))
((1714, 239), (1715, 237))
((1721, 239), (1721, 239))
((1723, 240), (1723, 240))
((1738, 242), (1739, 241))
((1741, 243), (1742, 241))
((1747, 243), (1748, 242))
((1750, 244), (1751, 242))
((1753, 244), (1754, 243))
((1756, 245), (1757, 243))
((1762, 245), (1763, 244))
((1765, 246), (1766, 244))
((1768, 246), (1769, 245))
((1771, 247), (1772, 245))
((1774, 247), (1775, 246))
((1777, 248), (1778, 246))
((1780, 248), (1781, 247))
((1783, 249), (1784, 247))
((1786, 249), (1787, 247))
((1789, 249), (1790, 248))
((1792, 250), (1793, 248))
((1795, 250), (1796, 249))
((1798, 251), (1799, 249))
((1801, 251), (1802, 249))
((1808, 251), (1808, 251))
((1810, 253), (1811, 251))
((1813, 253), (1814, 251))
((1816, 253), (1817, 252))
((1819, 254), (1820, 252))
((1822, 254), (1823, 253))
((1825, 254), (1825, 254))
((1831, 255), (1832, 254))
((1834, 256), (1835, 254))
((1837, 256), (1838, 255))
((1840, 257), (1841, 255))
((1843, 257), (1844, 256))
((1846, 258), (1847, 256))
((1849, 258), (1850, 257))
((1852, 258), (1852, 258))
((1865, 259), (1865, 259))
((1867, 260), (1867, 260))
((1873, 261), (1874, 260))
((1876, 262), (1877, 260))
((1879, 262), (1880, 261))
((1882, 263), (1883, 261))
((1885, 263), (1886, 261))
((1891, 263), (1892, 262))
((1894, 264), (1895, 262))
((1901, 264), (1901, 264))
((1903, 266), (1904, 264))
((1906, 266), (1907, 264))
((1909, 266), (1910, 265))
((1912, 267), (1913, 265))
((1915, 267), (1916, 266))
((1918, 268), (1919, 266))
((1921, 268), (1922, 267))
((1924, 269), (1925, 267))
((1927, 269), (1928, 267))
((1930, 269), (1931, 267))
((1937, 269), (1937, 269))
((1939, 271), (1940, 269))
((1942, 271), (1943, 270))
((1945, 272), (1946, 270))
((1948, 272), (1949, 270))
((1951, 272), (1952, 271))
((1954, 273), (1955, 271))
((1957, 273), (1958, 272))
((1960, 274), (1961, 272))
((1963, 274), (1964, 272))
((1990, 277), (1991, 276))
((1993, 278), (1994, 276))
((1999, 278), (2000, 277))
((2002, 279), (2003, 277))
((2005, 279), (2006, 278))
((2008, 280), (2009, 278))
((2011, 280), (2012, 279))
((2014, 281), (2015, 279))
((2017, 281), (2018, 280))
((2020, 281), (2020, 281))
((2039, 283), (2039, 283))
((2041, 284), (2041, 284))
((2056, 286), (2057, 285))
((2059, 287), (2060, 285))
((2065, 287), (2066, 286))
((2068, 288), (2069, 286))
((2071, 288), (2072, 287))
((2074, 289), (2075, 287))
((2096, 291), (2096, 291))
((2098, 293), (2099, 291))
((2101, 293), (2102, 292))
((2104, 293), (2104, 293))
((2105, 292), (2105, 292))
((2107, 294), (2108, 292))
((2110, 294), (2111, 292))
((2119, 295), (2120, 294))
((2122, 296), (2123, 294))
((2128, 296), (2129, 295))
((2131, 297), (2132, 295))
((2140, 298), (2141, 297))
((2143, 299), (2144, 297))
((2146, 299), (2147, 298))
((2149, 299), (2149, 299))
((2164, 301), (2165, 300))
((2167, 302), (2168, 300))
((2185, 304), (2186, 303))
((2188, 305), (2189, 303))
((2191, 305), (2192, 304))
((2194, 306), (2195, 304))
((2197, 306), (2198, 305))
((2200, 306), (2200, 306))
((2210, 307), (2210, 307))
((2212, 309), (2213, 307))
((2215, 309), (2216, 307))
((2218, 309), (2219, 308))
((2221, 310), (2222, 308))
((2224, 310), (2225, 308))
((2227, 310), (2228, 309))
((2230, 311), (2231, 309))
((2240, 311), (2240, 311))
((2242, 312), (2242, 312))
((2246, 312), (2246, 312))
((2248, 313), (2248, 313))
((2261, 314), (2261, 314))
((2263, 315), (2263, 315))
((2269, 316), (2270, 315))
((2272, 317), (2273, 315))
((2275, 317), (2276, 316))
((2278, 318), (2279, 316))
((2281, 318), (2282, 316))
((2288, 318), (2288, 318))
((2290, 320), (2291, 318))
((2293, 320), (2294, 318))
((2296, 320), (2297, 319))
((2299, 321), (2300, 319))
((2302, 321), (2303, 319))
((2305, 321), (2306, 320))
((2308, 322), (2309, 320))
((2318, 322), (2318, 322))
((2320, 323), (2320, 323))
((2324, 323), (2324, 323))
((2326, 324), (2326, 324))
((2327, 323), (2327, 323))
((2329, 325), (2330, 323))
((2332, 325), (2333, 323))
((2339, 325), (2339, 325))
((2341, 326), (2341, 326))
((2347, 327), (2348, 326))
((2350, 328), (2351, 326))
((2353, 328), (2354, 327))
((2356, 329), (2357, 327))
((2359, 329), (2360, 327))
((2371, 330), (2372, 329))
((2374, 331), (2375, 329))
((2380, 331), (2381, 330))
((2383, 332), (2384, 330))
((2390, 332), (2390, 332))
((2392, 333), (2392, 333))
((2401, 334), (2402, 333))
((2404, 335), (2405, 333))
((2407, 335), (2408, 334))
((2410, 336), (2411, 334))
((2420, 336), (2420, 336))
((2422, 338), (2423, 336))
((2425, 338), (2426, 336))
((2441, 339), (2441, 339))
((2443, 340), (2443, 340))
((2452, 341), (2453, 340))
((2455, 342), (2456, 340))
((2462, 342), (2462, 342))
((2464, 343), (2464, 343))
((2467, 343), (2468, 342))
((2470, 344), (2471, 342))
((2479, 345), (2480, 344))
((2482, 345), (2482, 345))
((2485, 346), (2486, 344))
((2488, 346), (2489, 345))
((2491, 347), (2492, 345))
((2494, 347), (2495, 346))
((2497, 348), (2498, 346))
((2507, 348), (2507, 348))
((2509, 350), (2510, 348))
((2512, 350), (2513, 349))
((2515, 350), (2515, 350))
((2522, 350), (2522, 350))
((2524, 351), (2524, 351))
((2530, 352), (2531, 351))
((2533, 353), (2534, 351))
((2551, 355), (2552, 354))
((2554, 356), (2555, 354))
((2557, 356), (2558, 355))
((2560, 357), (2561, 355))
((2563, 357), (2564, 355))
((2566, 357), (2567, 356))
((2569, 358), (2570, 356))
((2572, 358), (2573, 357))
((2575, 359), (2576, 357))
((2578, 359), (2579, 358))
((2581, 360), (2582, 358))
((2584, 360), (2585, 359))
((2587, 360), (2587, 360))
((2597, 361), (2597, 361))
((2599, 363), (2600, 361))
((2602, 363), (2603, 361))
((2605, 363), (2606, 361))
((2612, 363), (2612, 363))
((2614, 365), (2615, 363))
((2617, 365), (2618, 363))
((2627, 365), (2627, 365))
((2629, 367), (2630, 365))
((2632, 367), (2633, 365))
((2642, 367), (2642, 367))
((2644, 369), (2645, 367))
((2647, 369), (2648, 367))
((2663, 370), (2663, 370))
((2665, 372), (2666, 370))
((2668, 372), (2669, 370))
((2671, 372), (2672, 371))
((2674, 373), (2675, 371))
((2677, 373), (2678, 372))
((2680, 374), (2681, 372))
((2683, 374), (2684, 373))
((2686, 375), (2687, 373))
((2689, 375), (2690, 373))
((2692, 375), (2693, 374))
((2695, 376), (2696, 374))
((2698, 376), (2699, 375))
((2701, 377), (2702, 375))
((2704, 377), (2705, 375))
((2714, 377), (2714, 377))
((2716, 379), (2717, 377))
((2719, 379), (2720, 378))
((2722, 380), (2723, 378))
((2725, 380), (2726, 378))
((2728, 380), (2729, 378))
((2741, 381), (2741, 381))
((2743, 382), (2743, 382))
((2744, 381), (2744, 381))
((2746, 383), (2747, 381))
((2749, 383), (2750, 381))
((2756, 383), (2756, 383))
((2758, 384), (2758, 384))
((2764, 385), (2765, 384))
((2767, 386), (2768, 384))
((2770, 386), (2771, 385))
((2773, 386), (2773, 386))
((2786, 387), (2786, 387))
((2788, 388), (2788, 388))
((2797, 389), (2798, 388))
((2800, 390), (2801, 388))
((2806, 390), (2807, 389))
((2810, 390), (2810, 390))
((2812, 391), (2812, 391))
((2816, 391), (2816, 391))
((2818, 393), (2819, 391))
((2821, 393), (2822, 391))
((2833, 394), (2834, 393))
((2836, 395), (2837, 393))
((2846, 395), (2846, 395))
((2848, 397), (2849, 395))
((2851, 397), (2852, 395))
((2864, 398), (2864, 398))
((2866, 400), (2867, 398))
((2869, 400), (2870, 398))
((2872, 400), (2873, 398))
((2884, 401), (2885, 400))
((2888, 401), (2888, 401))
((2890, 402), (2890, 402))
((2894, 402), (2894, 402))
((2896, 404), (2897, 402))
((2899, 404), (2900, 402))
((2911, 405), (2912, 404))
((2914, 406), (2915, 404))
((2920, 406), (2921, 405))
((2923, 407), (2924, 405))
((2930, 407), (2930, 407))
((2932, 408), (2932, 408))
((2941, 409), (2942, 408))
((2944, 410), (2945, 408))
((2947, 410), (2948, 409))
((2950, 411), (2951, 409))
((2956, 411), (2957, 410))
((2959, 412), (2960, 410))
((2962, 412), (2963, 411))
((2965, 413), (2966, 411))
((2977, 414), (2978, 413))
((2980, 415), (2981, 413))
((2983, 415), (2984, 414))
((2986, 416), (2987, 414))
((2989, 416), (2990, 415))
((2992, 417), (2993, 415))
((2995, 417), (2996, 415))
((2998, 417), (2999, 416))
((3001, 418), (3002, 416))
((0, 1), (0, 1))
((1, 0), (2, 0))
((2, 2), (2, 2))
((4, 0), (4, 0))
((4, 2), (5, -1))
((5, 1), (5, 1))
((7, 3), (8, 1))
((10, 2), (10, 2))
((11, 2), (11, 2))
((13, 4), (14, 1))
((16, 2), (16, 2))
((17, 2), (17, 2))
((19, 3), (19, 3))
((20, 2), (20, 2))
((22, 3), (22, 3))
((23, 4), (23, 4))
((25, 4), (25, 5))
((26, 3), (26, 3))
((28, 4), (28, 4))
((31, 5), (32, 3))
((34, 5), (34, 5))
((38, 6), (38, 6))
((40, 5), (40, 5))
((40, 8), (41, 4))
((43, 7), (44, 4))
((44, 6), (44, 6))
((46, 7), (46, 7))
((49, 8), (50, 6))
((52, 8), (53, 7))
((55, 9), (56, 6))
((59, 8), (59, 8))
((62, 8), (62, 8))
((64, 10), (65, 8))
((68, 9), (68, 9))
((70, 10), (70, 10))
((76, 11), (77, 10))
((79, 12), (80, 10))
((85, 12), (86, 11))
((88, 13), (89, 11))
((97, 14), (98, 13))
((100, 15), (101, 13))
((103, 15), (104, 14))
((106, 16), (107, 14))
((109, 16), (110, 14))
((112, 16), (113, 15))
((115, 17), (116, 15))
((118, 17), (119, 16))
((121, 18), (122, 16))
((124, 18), (125, 16))
((137, 19), (137, 19))
((139, 21), (140, 19))
((142, 21), (143, 19))
((145, 21), (146, 20))
((148, 22), (149, 20))
((151, 22), (152, 20))
((154, 22), (155, 21))
((157, 23), (158, 21))
((163, 23), (164, 22))
((166, 24), (167, 22))
((172, 24), (173, 23))
((176, 24), (176, 24))
((178, 26), (179, 24))
((181, 26), (182, 25))
((184, 27), (185, 25))
((187, 27), (188, 25))
((190, 27), (191, 26))
((193, 28), (194, 26))
((196, 28), (197, 27))
((199, 29), (200, 27))
((202, 29), (203, 27))
((212, 29), (212, 29))
((214, 31), (215, 30))
((217, 31), (217, 31))
((226, 32), (227, 31))
((229, 33), (230, 31))
((232, 33), (233, 32))
((235, 34), (236, 32))
((244, 34), (245, 33))
((247, 35), (248, 33))
((251, 35), (251, 35))
((253, 36), (253, 36))
((260, 36), (260, 36))
((262, 36), (262, 36))
((262, 38), (263, 35))
((266, 36), (266, 36))
((268, 38), (269, 37))
((271, 39), (272, 37))
((278, 38), (278, 38))
((280, 39), (280, 39))
((283, 40), (284, 38))
((286, 40), (287, 39))
((292, 41), (293, 40))
((295, 42), (296, 40))
((301, 42), (302, 40))
((305, 42), (305, 42))
((307, 43), (307, 43))
((311, 43), (311, 43))
((313, 45), (314, 43))
((316, 45), (317, 43))
((319, 45), (320, 43))
((326, 45), (326, 45))
((328, 46), (328, 46))
((334, 47), (335, 46))
((337, 48), (338, 46))
((340, 48), (341, 46))
((346, 48), (347, 47))
((350, 48), (350, 48))
((352, 50), (353, 49))
((355, 50), (355, 50))
((362, 50), (362, 50))
((364, 52), (365, 50))
((367, 52), (368, 50))
((370, 52), (371, 51))
((373, 53), (374, 51))
((382, 53), (383, 52))
((391, 55), (392, 54))
((394, 56), (395, 54))
((397, 56), (398, 54))
((404, 56), (404, 56))
((406, 58), (407, 56))
((409, 58), (410, 56))
((412, 58), (413, 57))
((415, 59), (416, 57))
((418, 59), (419, 58))
((421, 59), (421, 59))
((422, 58), (422, 58))
((424, 60), (425, 58))
((434, 60), (434, 60))
((436, 61), (436, 61))
((440, 61), (440, 61))
((442, 63), (443, 61))
((445, 63), (446, 62))
((448, 63), (448, 63))
((460, 64), (461, 63))
((464, 64), (464, 64))
((466, 66), (467, 64))
((472, 66), (473, 65))
((475, 67), (476, 65))
((481, 67), (482, 66))
((485, 67), (485, 67))
((487, 68), (487, 68))
((491, 68), (491, 68))
((493, 70), (494, 68))
((496, 70), (497, 68))
((499, 70), (500, 68))
((506, 70), (506, 70))
((508, 71), (508, 71))
((514, 72), (515, 71))
((517, 73), (518, 71))
((520, 73), (521, 71))
((527, 73), (527, 73))
((529, 75), (530, 73))
((532, 75), (533, 74))
((535, 75), (535, 75))
((542, 75), (542, 75))
((544, 77), (545, 75))
((547, 77), (548, 75))
((556, 78), (557, 77))
((559, 78), (559, 78))
((569, 79), (569, 79))
((571, 80), (571, 80))
((574, 80), (575, 79))
((577, 81), (578, 79))
((592, 83), (593, 82))
((595, 84), (596, 82))
((598, 84), (599, 82))
((601, 84), (602, 83))
((604, 85), (605, 83))
((608, 84), (608, 84))
((610, 86), (611, 84))
((613, 86), (614, 84))
((625, 87), (626, 86))
((628, 88), (629, 86))
((640, 89), (641, 88))
((643, 90), (644, 88))
((656, 91), (656, 91))
((658, 93), (659, 91))
((661, 93), (662, 91))
((664, 93), (665, 91))
((679, 95), (680, 93))
((689, 96), (689, 96))
((691, 98), (692, 96))
((694, 98), (695, 96))
((697, 98), (698, 96))
((703, 98), (704, 97))
((706, 99), (707, 97))
((709, 99), (710, 98))
((712, 99), (712, 99))
((715, 100), (716, 98))
((722, 100), (722, 100))
((724, 102), (725, 100))
((730, 102), (731, 101))
((733, 103), (734, 101))
((736, 103), (737, 102))
((739, 103), (739, 103))
((745, 104), (746, 103))
((748, 105), (749, 103))
((751, 105), (752, 103))
((763, 106), (764, 105))
((766, 107), (767, 105))
((775, 108), (776, 107))
((778, 109), (779, 107))
((781, 109), (782, 108))
((784, 110), (785, 108))
((787, 110), (788, 109))
((790, 110), (790, 110))
((794, 110), (794, 110))
((796, 112), (797, 110))
((799, 112), (800, 111))
((802, 112), (802, 112))
((803, 111), (803, 111))
((805, 113), (806, 111))
((808, 113), (809, 112))
((811, 114), (812, 112))
((814, 114), (815, 112))
((823, 115), (824, 114))
((826, 116), (827, 114))
((829, 116), (830, 114))
((836, 116), (836, 116))
((838, 117), (838, 117))
((859, 120), (860, 119))
((862, 121), (863, 119))
((865, 121), (866, 120))
((868, 121), (868, 121))
((872, 121), (872, 121))
((874, 122), (874, 122))
((887, 123), (887, 123))
((889, 124), (889, 124))
((892, 124), (893, 123))
((896, 124), (896, 124))
((898, 126), (899, 124))
((901, 126), (902, 124))
((919, 128), (920, 127))
((922, 129), (923, 127))
((929, 129), (929, 129))
((931, 131), (932, 128))
((949, 132), (950, 131))
((953, 132), (953, 132))
((955, 134), (956, 132))
((958, 134), (959, 132))
((961, 134), (962, 133))
((964, 135), (965, 133))
((974, 135), (974, 135))
((976, 136), (976, 136))
((980, 136), (980, 136))
((982, 138), (983, 136))
((985, 138), (986, 136))
((988, 138), (989, 136))
((997, 139), (998, 138))
((1000, 140), (1001, 138))
((1006, 140), (1007, 139))
((1009, 141), (1010, 139))
((1016, 141), (1016, 141))
((1018, 142), (1018, 142))
((1025, 142), (1025, 142))
((1027, 143), (1027, 143))
((1031, 143), (1031, 143))
((1033, 145), (1034, 143))
((1036, 145), (1037, 143))
((1046, 145), (1046, 145))
((1048, 146), (1048, 146))
((1063, 148), (1064, 147))
((1066, 149), (1067, 147))
((1072, 149), (1073, 148))
((1075, 150), (1076, 148))
((1078, 150), (1079, 149))
((1081, 151), (1082, 149))
((1093, 152), (1094, 151))
((1096, 153), (1097, 151))
((1099, 153), (1100, 152))
((1102, 154), (1103, 152))
((1105, 154), (1106, 153))
((1108, 155), (1109, 153))
((1111, 155), (1112, 153))
((1114, 155), (1115, 154))
((1117, 156), (1118, 154))
((1120, 156), (1121, 155))
((1123, 157), (1124, 155))
((1126, 157), (1127, 156))
((1129, 158), (1130, 156))
((1132, 158), (1133, 156))
((1139, 158), (1139, 158))
((1141, 160), (1142, 158))
((1144, 160), (1145, 158))
((1147, 160), (1148, 159))
((1150, 161), (1151, 159))
((1153, 161), (1154, 159))
((1156, 161), (1157, 160))
((1159, 162), (1160, 160))
((1166, 162), (1166, 162))
((1168, 164), (1169, 162))
((1171, 164), (1172, 162))
((1174, 164), (1175, 163))
((1177, 165), (1178, 163))
((1180, 165), (1181, 163))
((1183, 165), (1184, 164))
((1186, 166), (1187, 164))
((1192, 166), (1193, 165))
((1195, 167), (1196, 165))
((1201, 167), (1202, 166))
((1205, 167), (1205, 167))
((1207, 169), (1208, 167))
((1210, 169), (1211, 167))
((1217, 169), (1217, 169))
((1219, 171), (1220, 169))
((1222, 171), (1223, 169))
((1225, 171), (1226, 170))
((1228, 172), (1229, 170))
((1231, 172), (1232, 170))
((1234, 172), (1235, 171))
((1237, 173), (1238, 171))
((1241, 172), (1241, 172))
((1243, 174), (1244, 172))
((1246, 174), (1247, 173))
((1249, 175), (1250, 173))
((1252, 175), (1253, 174))
((1255, 176), (1256, 174))
((1258, 176), (1259, 174))
((1261, 176), (1262, 175))
((1264, 177), (1265, 175))
((1267, 177), (1268, 175))
((1276, 178), (1277, 177))
((1279, 179), (1280, 177))
((1282, 179), (1283, 178))
((1285, 180), (1286, 178))
((1288, 180), (1289, 178))
((1295, 180), (1295, 180))
((1297, 182), (1298, 180))
((1300, 182), (1301, 180))
((1303, 182), (1304, 181))
((1306, 183), (1307, 181))
((1309, 183), (1310, 181))
((1312, 183), (1313, 182))
((1315, 184), (1316, 182))
((1325, 184), (1325, 184))
((1327, 185), (1327, 185))
((1333, 186), (1334, 184))
((1340, 186), (1340, 186))
((1342, 187), (1342, 187))
((1346, 187), (1346, 187))
((1348, 188), (1348, 188))
((1355, 188), (1355, 188))
((1357, 189), (1357, 189))
((1360, 189), (1361, 188))
((1364, 189), (1364, 189))
((1366, 190), (1366, 190))
((1369, 191), (1370, 189))
((1372, 191), (1373, 190))
((1375, 192), (1376, 190))
((1384, 193), (1385, 192))
((1387, 194), (1388, 192))
((1390, 194), (1391, 193))
((1393, 195), (1394, 193))
((1396, 195), (1397, 193))
((1399, 195), (1400, 193))
((1406, 195), (1406, 195))
((1408, 196), (1408, 196))
((1414, 197), (1415, 196))
((1417, 198), (1418, 196))
((1420, 198), (1421, 197))
((1423, 199), (1424, 197))
((1426, 199), (1427, 198))
((1429, 200), (1430, 198))
((1432, 200), (1433, 199))
((1435, 200), (1435, 200))
((1447, 201), (1448, 200))
((1451, 201), (1451, 201))
((1453, 203), (1454, 201))
((1459, 203), (1460, 202))
((1462, 204), (1463, 202))
((1469, 204), (1469, 204))
((1471, 205), (1471, 205))
((1480, 206), (1481, 205))
((1483, 207), (1484, 205))
((1486, 207), (1487, 205))
((1490, 207), (1490, 207))
((1492, 208), (1492, 208))
((1495, 208), (1496, 207))
((1498, 209), (1499, 207))
((1507, 210), (1508, 209))
((1510, 211), (1511, 209))
((1520, 211), (1520, 211))
((1522, 213), (1523, 211))
((1525, 213), (1526, 211))
((1535, 213), (1535, 213))
((1537, 215), (1538, 213))
((1540, 215), (1541, 214))
((1543, 216), (1544, 214))
((1546, 216), (1547, 214))
((1549, 216), (1550, 215))
((1552, 217), (1553, 215))
((1555, 217), (1556, 216))
((1558, 218), (1559, 216))
((1561, 218), (1562, 217))
((1564, 219), (1565, 217))
((1567, 219), (1568, 218))
((1570, 219), (1570, 219))
((1583, 220), (1583, 220))
((1585, 221), (1585, 221))
((1591, 222), (1592, 221))
((1594, 223), (1595, 221))
((1597, 223), (1598, 222))
((1600, 224), (1601, 222))
((1603, 224), (1604, 222))
((1609, 224), (1610, 223))
((1612, 225), (1613, 223))
((1622, 225), (1622, 225))
((1624, 226), (1624, 226))
((1630, 227), (1631, 226))
((1633, 228), (1634, 226))
((1639, 228), (1640, 227))
((1642, 229), (1643, 227))
((1649, 229), (1649, 229))
((1651, 231), (1652, 229))
((1654, 231), (1655, 229))
((1657, 231), (1658, 230))
((1660, 232), (1661, 230))
((1663, 232), (1664, 230))
((1666, 232), (1667, 231))
((1669, 233), (1670, 231))
((1675, 233), (1676, 232))
((1678, 234), (1679, 232))
((1687, 235), (1688, 234))
((1690, 236), (1691, 234))
((1693, 236), (1694, 235))
((1696, 237), (1697, 235))
((1699, 237), (1700, 236))
((1702, 237), (1702, 237))
((1709, 237), (1709, 237))
((1711, 239), (1712, 237))
((1714, 239), (1715, 237))
((1721, 239), (1721, 239))
((1723, 240), (1723, 240))
((1738, 242), (1739, 241))
((1741, 243), (1742, 241))
((1747, 243), (1748, 242))
((1750, 244), (1751, 242))
((1753, 244), (1754, 243))
((1756, 245), (1757, 243))
((1762, 245), (1763, 244))
((1765, 246), (1766, 244))
((1768, 246), (1769, 245))
((1771, 247), (1772, 245))
((1774, 247), (1775, 246))
((1777, 248), (1778, 246))
((1780, 248), (1781, 247))
((1783, 249), (1784, 247))
((1786, 249), (1787, 247))
((1789, 249), (1790, 248))
((1792, 250), (1793, 248))
((1795, 250), (1796, 249))
((1798, 251), (1799, 249))
((1801, 251), (1802, 249))
((1808, 251), (1808, 251))
((1810, 253), (1811, 251))
((1813, 253), (1814, 251))
((1816, 253), (1817, 252))
((1819, 254), (1820, 252))
((1822, 254), (1823, 253))
((1825, 254), (1825, 254))
((1831, 255), (1832, 254))
((1834, 256), (1835, 254))
((1837, 256), (1838, 255))
((1840, 257), (1841, 255))
((1843, 257), (1844, 256))
((1846, 258), (1847, 256))
((1849, 258), (1850, 257))
((1852, 258), (1852, 258))
((1865, 259), (1865, 259))
((1867, 260), (1867, 260))
((1873, 261), (1874, 260))
((1876, 262), (1877, 260))
((1879, 262), (1880, 261))
((1882, 263), (1883, 261))
((1885, 263), (1886, 261))
((1891, 263), (1892, 262))
((1894, 264), (1895, 262))
((1901, 264), (1901, 264))
((1903, 266), (1904, 264))
((1906, 266), (1907, 264))
((1909, 266), (1910, 265))
((1912, 267), (1913, 265))
((1915, 267), (1916, 266))
((1918, 268), (1919, 266))
((1921, 268), (1922, 267))
((1924, 269), (1925, 267))
((1927, 269), (1928, 267))
((1930, 269), (1931, 267))
((1937, 269), (1937, 269))
((1939, 271), (1940, 269))
((1942, 271), (1943, 270))
((1945, 272), (1946, 270))
((1948, 272), (1949, 270))
((1951, 272), (1952, 271))
((1954, 273), (1955, 271))
((1957, 273), (1958, 272))
((1960, 274), (1961, 272))
((1963, 274), (1964, 272))
((1990, 277), (1991, 276))
((1993, 278), (1994, 276))
((1999, 278), (2000, 277))
((2002, 279), (2003, 277))
((2005, 279), (2006, 278))
((2008, 280), (2009, 278))
((2011, 280), (2012, 279))
((2014, 281), (2015, 279))
((2017, 281), (2018, 280))
((2020, 281), (2020, 281))
((2039, 283), (2039, 283))
((2041, 284), (2041, 284))
((2056, 286), (2057, 285))
((2059, 287), (2060, 285))
((2065, 287), (2066, 286))
((2068, 288), (2069, 286))
((2071, 288), (2072, 287))
((2074, 289), (2075, 287))
((2096, 291), (2096, 291))
((2098, 293), (2099, 291))
((2101, 293), (2102, 292))
((2104, 293), (2104, 293))
((2105, 292), (2105, 292))
((2107, 294), (2108, 292))
((2110, 294), (2111, 292))
((2119, 295), (2120, 294))
((2122, 296), (2123, 294))
((2128, 296), (2129, 295))
((2131, 297), (2132, 295))
((2140, 298), (2141, 297))
((2143, 299), (2144, 297))
((2146, 299), (2147, 298))
((2149, 299), (2149, 299))
((2164, 301), (2165, 300))
((2167, 302), (2168, 300))
((2185, 304), (2186, 303))
((2188, 305), (2189, 303))
((2191, 305), (2192, 304))
((2194, 306), (2195, 304))
((2197, 306), (2198, 305))
((2200, 306), (2200, 306))
((2210, 307), (2210, 307))
((2212, 309), (2213, 307))
((2215, 309), (2216, 307))
((2218, 309), (2219, 308))
((2221, 310), (2222, 308))
((2224, 310), (2225, 308))
((2227, 310), (2228, 309))
((2230, 311), (2231, 309))
((2240, 311), (2240, 311))
((2242, 312), (2242, 312))
((2246, 312), (2246, 312))
((2248, 313), (2248, 313))
((2261, 314), (2261, 314))
((2263, 315), (2263, 315))
((2269, 316), (2270, 315))
((2272, 317), (2273, 315))
((2275, 317), (2276, 316))
((2278, 318), (2279, 316))
((2281, 318), (2282, 316))
((2288, 318), (2288, 318))
((2290, 320), (2291, 318))
((2293, 320), (2294, 318))
((2296, 320), (2297, 319))
((2299, 321), (2300, 319))
((2302, 321), (2303, 319))
((2305, 321), (2306, 320))
((2308, 322), (2309, 320))
((2318, 322), (2318, 322))
((2320, 323), (2320, 323))
((2324, 323), (2324, 323))
((2326, 324), (2326, 324))
((2327, 323), (2327, 323))
((2329, 325), (2330, 323))
((2332, 325), (2333, 323))
((2339, 325), (2339, 325))
((2341, 326), (2341, 326))
((2347, 327), (2348, 326))
((2350, 328), (2351, 326))
((2353, 328), (2354, 327))
((2356, 329), (2357, 327))
((2359, 329), (2360, 327))
((2371, 330), (2372, 329))
((2374, 331), (2375, 329))
((2380, 331), (2381, 330))
((2383, 332), (2384, 330))
((2390, 332), (2390, 332))
((2392, 333), (2392, 333))
((2401, 334), (2402, 333))
((2404, 335), (2405, 333))
((2407, 335), (2408, 334))
((2410, 336), (2411, 334))
((2420, 336), (2420, 336))
((2422, 338), (2423, 336))
((2425, 338), (2426, 336))
((2441, 339), (2441, 339))
((2443, 340), (2443, 340))
((2452, 341), (2453, 340))
((2455, 342), (2456, 340))
((2462, 342), (2462, 342))
((2464, 343), (2464, 343))
((2467, 343), (2468, 342))
((2470, 344), (2471, 342))
((2479, 345), (2480, 344))
((2482, 345), (2482, 345))
((2485, 346), (2486, 344))
((2488, 346), (2489, 345))
((2491, 347), (2492, 345))
((2494, 347), (2495, 346))
((2497, 348), (2498, 346))
((2507, 348), (2507, 348))
((2509, 350), (2510, 348))
((2512, 350), (2513, 349))
((2515, 350), (2515, 350))
((2522, 350), (2522, 350))
((2524, 351), (2524, 351))
((2530, 352), (2531, 351))
((2533, 353), (2534, 351))
((2551, 355), (2552, 354))
((2554, 356), (2555, 354))
((2557, 356), (2558, 355))
((2560, 357), (2561, 355))
((2563, 357), (2564, 355))
((2566, 357), (2567, 356))
((2569, 358), (2570, 356))
((2572, 358), (2573, 357))
((2575, 359), (2576, 357))
((2578, 359), (2579, 358))
((2581, 360), (2582, 358))
((2584, 360), (2585, 359))
((2587, 360), (2587, 360))
((2597, 361), (2597, 361))
((2599, 363), (2600, 361))
((2602, 363), (2603, 361))
((2605, 363), (2606, 361))
((2612, 363), (2612, 363))
((2614, 365), (2615, 363))
((2617, 365), (2618, 363))
((2627, 365), (2627, 365))
((2629, 367), (2630, 365))
((2632, 367), (2633, 365))
((2642, 367), (2642, 367))
((2644, 369), (2645, 367))
((2647, 369), (2648, 367))
((2663, 370), (2663, 370))
((2665, 372), (2666, 370))
((2668, 372), (2669, 370))
((2671, 372), (2672, 371))
((2674, 373), (2675, 371))
((2677, 373), (2678, 372))
((2680, 374), (2681, 372))
((2683, 374), (2684, 373))
((2686, 375), (2687, 373))
((2689, 375), (2690, 373))
((2692, 375), (2693, 374))
((2695, 376), (2696, 374))
((2698, 376), (2699, 375))
((2701, 377), (2702, 375))
((2704, 377), (2705, 375))
((2714, 377), (2714, 377))
((2716, 379), (2717, 377))
((2719, 379), (2720, 378))
((2722, 380), (2723, 378))
((2725, 380), (2726, 378))
((2728, 380), (2729, 378))
((2741, 381), (2741, 381))
((2743, 382), (2743, 382))
((2744, 381), (2744, 381))
((2746, 383), (2747, 381))
((2749, 383), (2750, 381))
((2756, 383), (2756, 383))
((2758, 384), (2758, 384))
((2764, 385), (2765, 384))
((2767, 386), (2768, 384))
((2770, 386), (2771, 385))
((2773, 386), (2773, 386))
((2786, 387), (2786, 387))
((2788, 388), (2788, 388))
((2797, 389), (2798, 388))
((2800, 390), (2801, 388))
((2806, 390), (2807, 389))
((2810, 390), (2810, 390))
((2812, 391), (2812, 391))
((2816, 391), (2816, 391))
((2818, 393), (2819, 391))
((2821, 393), (2822, 391))
((2833, 394), (2834, 393))
((2836, 395), (2837, 393))
((2846, 395), (2846, 395))
((2848, 397), (2849, 395))
((2851, 397), (2852, 395))
((2864, 398), (2864, 398))
((2866, 400), (2867, 398))
((2869, 400), (2870, 398))
((2872, 400), (2873, 398))
((2884, 401), (2885, 400))
((2888, 401), (2888, 401))
((2890, 402), (2890, 402))
((2894, 402), (2894, 402))
((2896, 404), (2897, 402))
((2899, 404), (2900, 402))
((2911, 405), (2912, 404))
((2914, 406), (2915, 404))
((2920, 406), (2921, 405))
((2923, 407), (2924, 405))
((2930, 407), (2930, 407))
((2932, 408), (2932, 408))
((2941, 409), (2942, 408))
((2944, 410), (2945, 408))
((2947, 410), (2948, 409))
((2950, 411), (2951, 409))
((2956, 411), (2957, 410))
((2959, 412), (2960, 410))
((2962, 412), (2963, 411))
((2965, 413), (2966, 411))
((2977, 414), (2978, 413))
((2980, 415), (2981, 413))
((2983, 415), (2984, 414))
((2986, 416), (2987, 414))
((2989, 416), (2990, 415))
((2992, 417), (2993, 415))
((2995, 417), (2996, 415))
((2998, 417), (2999, 416))
((3001, 418), (3002, 416))
((3004, 418), (3005, 417))
