((0, 1), (0, 1))
((1, 0), (2, 0))
((2, 2), (2, 2))
((4, 0), (4, 0))
((4, 2), (5, -1))
((5, 1), (5, 1))
((7, 3), (8, 1))
((10, 2), (10, 2))
((11, 2), (11, 2))
((13, 4), (14, 1))
((16, 2), (16, 2))
((17, 2), (17, 2))
((19, 3), (19, 3))
((20, 2), (20, 2))
((22, 3), (22, 3))
((23, 4), (23, 4))
((25, 4), (25, 5))
((26, 3), (26, 3))
((28, 4), (28, 4))
((31, 5), (32, 3))
((34, 5), (34, 5))
((38, 6), (38, 6))
((40, 5), (40, 5))
((40, 8), (41, 4))
((43, 7), (44, 4))
((44, 6), (44, 6))
((46, 7), (46, 7))
((49, 8), (50, 6))
((52, 8), (53, 7))
((55, 9), (56, 6))
((59, 8), (59, 8))
((62, 8), (62, 8))
((64, 10), (65, 8))
((68, 9), (68, 9))
((70, 10), (70, 10))
((76, 11), (77, 10))
((79, 12), (80, 10))
((85, 12), (86, 11))
((88, 13), (89, 11))
((97, 14), (98, 13))
((100, 15), (101, 13))
((103, 15), (104, 14))
((106, 16), (107, 14))
((109, 16), (110, 14))
((112, 16), (113, 15))
((115, 17), (116, 15))
((118, 17), (119, 16))
((121, 18), (122, 16))
((124, 18), (125, 16))
((137, 19), (137, 19))
((139, 21), (140, 19))
((142, 21), (143, 19))
((145, 21), (146, 20))
((148, 22), (149, 20))
((151, 22), (152, 20))
((154, 22), (155, 21))
((157, 23), (158, 21))
((163, 23), (164, 22))
((166, 24), (167, 22))
((172, 24), (173, 23))
((176, 24), (176, 24))
((178, 26), (179, 24))
((181, 26), (182, 25))
((184, 27), (185, 25))
((187, 27), (188, 25))
((190, 27), (191, 26))
((193, 28), (194, 26))
((196, 28), (197, 27))
((199, 29), (200, 27))
((202, 29), (203, 27))
((212, 29), (212, 29))
((214, 31), (215, 30))
((217, 31), (217, 31))
((226, 32), (227, 31))
((229, 33), (230, 31))
((232, 33), (233, 32))
((235, 34), (236, 32))
((244, 34), (245, 33))
((247, 35), (248, 33))
((251, 35), (251, 35))
((253, 36), (253, 36))
((260, 36), (260, 36))
((262, 36), (262, 36))
((262, 38), (263, 35))
((266, 36), (266, 36))
((268, 38), (269, 37))
((271, 39), (272, 37))
((278, 38), (278, 38))
((280, 39), (280, 39))
((283, 40), (284, 38))
((286, 40), (287, 39))
((292, 41), (293, 40))
((295, 42), (296, 40))
((301, 42), (302, 40))
((305, 42), (305, 42))
((307, 43), (307, 43))
((311, 43), (311, 43))
((313, 45), (314, 43))
((316, 45), (317, 43))
((319, 45), (320, 43))
((326, 45), (326, 45))
((328, 46), (328, 46))
((334, 47), (335, 46))
((337, 48), (338, 46))
((340, 48), (341, 46))
((346, 48), (347, 47))
((350, 48), (350, 48))
((352, 50), (353, 49))
((355, 50), (355, 50))
((362, 50), (362, 50))
((364, 52), (365, 50))
((367, 52), (368, 50))
((370, 52), (371, 51))
((373, 53), (374, 51))
((382, 53), (383, 52))
((391, 55), (392, 54))
((394, 56), (395, 54))
((397, 56), (398, 54))
((404, 56), (404, 56))
((406, 58), (407, 56))
((409, 58), (410, 56))
((412, 58), (413, 57))
((415, 59), (416, 57))
((418, 59), (419, 58))
((421, 59), (421, 59))
((422, 58), (422, 58))
((424, 60), (425, 58))
((434, 60), (434, 60))
((436, 61), (436, 61))
((440, 61), (440, 61))
((442, 63), (443, 61))
((445, 63), (446, 62))
((448, 63), (448, 63))
((460, 64), (461, 63))
((464, 64), (464, 64))
((466, 66), (467, 64))
((472, 66), (473, 65))
((475, 67), (476, 65))
((481, 67), (482, 66))
((485, 67), (485, 67))
((487, 68), (487, 68))
((491, 68), (491, 68))
((493, 70), (494, 68))
((496, 70), (497, 68))
((499, 70), (500, 68))
((506, 70), (506, 70))
((508, 71), (508, 71))
((514, 72), (515, 71))
