((518, 72), (518, 72))
((518, 72), (518, 72))
((521, 72), (521, 72))
((523, 73), (523, 73))
((526, 73), (526, 73))
((527, 73), (527, 73))
((532, 74), (532, 74))
((539, 75), (539, 75))
((539, 75), (539, 75))
((542, 75), (542, 75))
((544, 76), (544, 76))
((562, 78), (562, 78))
((562, 78), (562, 78))
((563, 78), (563, 78))
((568, 79), (568, 79))
((569, 79), (569, 79))
((583, 81), (583, 81))
((583, 81), (583, 81))
((592, 82), (592, 82))
((592, 82), (592, 82))
((596, 83), (596, 83))
((596, 83), (596, 83))
((602, 84), (602, 84))
((604, 84), (604, 84))
((607, 84), (607, 84))
((608, 84), (608, 84))
((617, 86), (617, 86))
((619, 86), (619, 86))
((623, 87), (623, 87))
((623, 87), (623, 87))
((634, 88), (634, 88))
((634, 88), (634, 88))
((638, 89), (638, 89))
((638, 89), (638, 89))
((644, 89), (644, 89))
((644, 89), (644, 89))
((647, 90), (647, 90))
((649, 90), (649, 90))
((661, 92), (661, 92))
((661, 92), (661, 92))
((662, 92), (662, 92))
((668, 93), (668, 93))
((670, 93), (670, 93))
((685, 95), (685, 95))
((685, 95), (685, 95))
((689, 96), (689, 96))
((691, 96), (691, 96))
((697, 97), (697, 97))
((697, 97), (697, 97))
((698, 97), (698, 97))
((704, 98), (704, 98))
((704, 98), (704, 98))
((721, 100), (721, 100))
((721, 100), (721, 100))
((722, 100), (722, 100))
((725, 101), (725, 101))
((728, 101), (728, 101))
((731, 102), (731, 102))
((734, 102), (734, 102))
((736, 102), (736, 102))
((740, 103), (740, 103))
((742, 103), (742, 103))
((743, 103), (743, 103))
((746, 104), (746, 104))
((749, 104), (749, 104))
((770, 107), (770, 107))
((770, 107), (770, 107))
((785, 110), (785, 110))
((787, 109), (787, 109))
((793, 110), (793, 110))
((793, 110), (793, 110))
((799, 111), (799, 111))
((799, 111), (799, 111))
((803, 112), (803, 112))
((803, 112), (803, 112))
((806, 112), (806, 112))
((808, 112), (808, 112))
((823, 114), (823, 114))
((823, 114), (823, 114))
((827, 115), (827, 115))
((827, 115), (827, 115))
((833, 116), (833, 116))
((833, 116), (833, 116))
((842, 117), (842, 117))
((842, 117), (842, 117))
((845, 118), (845, 118))
((850, 118), (850, 118))
((863, 120), (863, 120))
((865, 120), (865, 120))
((869, 121), (869, 121))
((869, 121), (869, 121))
((874, 121), (874, 121))
((880, 122), (880, 122))
((880, 122), (880, 122))
((886, 123), (886, 123))
((886, 123), (886, 123))
((890, 124), (890, 124))
((890, 124), (890, 124))
((895, 124), (895, 124))
((896, 125), (896, 125))
((902, 126), (902, 126))
((902, 126), (902, 126))
((917, 128), (917, 128))
((917, 128), (917, 128))
((923, 129), (923, 129))
((923, 129), (923, 129))
((932, 130), (932, 130))
((932, 130), (932, 130))
((937, 130), (937, 130))
((938, 132), (938, 132))
((941, 131), (941, 132))
((943, 130), (943, 130))
((944, 132), (944, 132))
((946, 131), (946, 131))
((947, 132), (947, 132))
((950, 134), (950, 134))
((952, 132), (952, 132))
((953, 133), (953, 133))
((955, 132), (955, 132))
((964, 133), (964, 133))
((964, 133), (964, 133))
((970, 134), (970, 134))
((970, 134), (970, 134))
((971, 136), (971, 136))
((976, 134), (976, 135))
((977, 137), (977, 138))
((984, 137), (984, 137))
((985, 136), (985, 136))
((986, 138), (986, 140))
((989, 138), (989, 139))
((991, 137), (991, 137))
((992, 140), (992, 140))
((994, 136), (994, 136))
((995, 139), (995, 141))
((997, 135), (997, 136))
((997, 138), (997, 138))
((998, 141), (998, 142))
((1000, 136), (1000, 138))
((1001, 141), (1003, 138))
((1004, 141), (1006, 138))
((1007, 141), (1008, 139))
((1014, 141), (1014, 141))
