((515, 72), (517, 72))
((518, 73), (520, 72))
((521, 73), (523, 72))
((524, 73), (526, 72))
((527, 74), (529, 74))
((530, 74), (532, 73))
((533, 75), (535, 74))
((536, 75), (538, 74))
((539, 76), (541, 75))
((542, 76), (544, 75))
((545, 76), (547, 75))
((548, 76), (550, 76))
((551, 77), (553, 76))
((554, 77), (556, 77))
((557, 78), (559, 77))
((560, 79), (562, 77))
((563, 79), (565, 78))
((566, 79), (568, 78))
((569, 80), (571, 79))
((572, 80), (574, 79))
((575, 81), (577, 80))
((578, 81), (580, 80))
((581, 81), (583, 80))
((584, 82), (586, 81))
((587, 82), (589, 81))
((590, 82), (592, 81))
((593, 83), (595, 82))
((596, 84), (598, 82))
((599, 84), (601, 83))
((602, 85), (604, 83))
((605, 85), (607, 83))
((608, 85), (610, 84))
((611, 86), (613, 85))
((614, 86), (616, 85))
((617, 87), (619, 85))
((620, 87), (622, 86))
((623, 88), (625, 86))
((626, 87), (628, 87))
((629, 88), (631, 87))
((632, 88), (634, 87))
((635, 89), (637, 88))
((638, 90), (640, 88))
((641, 90), (643, 89))
((644, 90), (646, 89))
((647, 91), (649, 89))
((650, 91), (652, 90))
((653, 91), (655, 91))
((656, 92), (658, 91))
((659, 92), (661, 91))
((662, 93), (664, 92))
((665, 93), (667, 92))
((668, 94), (670, 92))
((671, 94), (673, 93))
((674, 94), (676, 93))
((677, 95), (679, 94))
((680, 95), (682, 94))
((683, 95), (685, 94))
((686, 96), (688, 95))
((689, 97), (691, 95))
((692, 97), (694, 96))
((695, 98), (697, 96))
((698, 98), (700, 97))
((701, 98), (703, 97))
((704, 99), (706, 98))
((707, 99), (709, 98))
((710, 99), (712, 98))
((713, 100), (715, 99))
((716, 100), (718, 99))
((719, 101), (721, 99))
((722, 101), (724, 100))
((725, 102), (727, 100))
((728, 102), (730, 101))
((731, 103), (733, 101))
((734, 103), (736, 101))
((737, 103), (739, 102))
((740, 104), (742, 102))
((743, 104), (745, 103))
((746, 105), (748, 103))
((749, 105), (751, 104))
((752, 105), (754, 104))
((755, 106), (757, 105))
((758, 106), (760, 105))
((761, 106), (763, 105))
((764, 107), (766, 106))
((767, 107), (769, 106))
((770, 108), (772, 107))
((773, 108), (775, 107))
((776, 109), (778, 107))
((779, 109), (781, 108))
((782, 109), (784, 108))
((785, 111), (787, 108))
((788, 110), (790, 109))
((791, 111), (793, 109))
((794, 111), (796, 110))
((797, 112), (799, 110))
((800, 112), (802, 111))
((803, 113), (805, 111))
((806, 113), (808, 111))
((809, 113), (811, 112))
((812, 114), (814, 112))
((815, 114), (817, 113))
((818, 114), (820, 113))
((821, 115), (823, 113))
((824, 116), (826, 114))
((827, 116), (829, 114))
((830, 116), (832, 115))
((833, 117), (835, 115))
((836, 117), (838, 116))
((839, 118), (841, 116))
((842, 118), (844, 117))
((845, 119), (847, 117))
((848, 119), (850, 117))
((851, 119), (853, 118))
((854, 119), (856, 118))
((857, 120), (859, 119))
((860, 121), (862, 119))
((863, 121), (865, 119))
((866, 122), (868, 120))
((869, 122), (871, 120))
((872, 122), (874, 120))
((875, 123), (877, 121))
((878, 123), (880, 121))
((881, 123), (883, 122))
((884, 124), (886, 122))
((887, 125), (889, 123))
((890, 125), (892, 123))
((893, 125), (895, 123))
((896, 126), (898, 124))
((899, 126), (901, 124))
((902, 127), (904, 125))
((905, 127), (907, 125))
((908, 127), (910, 126))
((911, 128), (913, 126))
((914, 129), (916, 126))
((917, 129), (919, 127))
((920, 129), (922, 127))
((923, 130), (925, 128))
((926, 130), (928, 128))
((929, 130), (931, 129))
((932, 131), (934, 129))
((935, 131), (937, 129))
((938, 133), (940, 130))
((941, 133), (943, 129))
((944, 133), (946, 130))
((947, 133), (949, 131))
((950, 135), (952, 131))
((953, 134), (955, 131))
((956, 134), (958, 132))
((959, 134), (961, 132))
((962, 135), (964, 132))
((965, 136), (967, 133))
((968, 135), (970, 133))
((971, 137), (973, 134))
((974, 137), (976, 133))
((977, 139), (979, 135))
((980, 137), (982, 135))
((983, 138), (984, 136))
((984, 138), (985, 135))
((986, 141), (988, 136))
((989, 140), (991, 136))
((992, 141), (994, 135))
((995, 142), (997, 134))
((998, 143), (1000, 135))
