((0, 1), (0, 1))
((1, 0), (2, 0))
((2, 2), (2, 2))
((4, 0), (4, 0))
((4, 2), (5, -1))
((5, 1), (5, 1))
((7, 3), (8, 1))
((10, 2), (10, 2))
((11, 2), (11, 2))
((13, 4), (14, 1))
((16, 2), (16, 2))
((17, 2), (17, 2))
((19, 3), (19, 3))
((20, 2), (20, 2))
((22, 3), (22, 3))
((23, 4), (23, 4))
((25, 4), (25, 5))
((26, 3), (26, 3))
((28, 4), (28, 4))
((31, 5), (32, 3))
((34, 5), (34, 5))
((38, 6), (38, 6))
((40, 5), (40, 5))
((40, 8), (41, 4))
((43, 7), (44, 4))
((44, 6), (44, 6))
((46, 7), (46, 7))
((49, 8), (50, 6))
((52, 8), (53, 7))
((55, 9), (56, 6))
((59, 8), (59, 8))
((62, 8), (62, 8))
((64, 10), (65, 8))
