((67, 10), (67, 10))
((68, 9), (68, 9))
((70, 10), (70, 10))
((71, 10), (71, 10))
((74, 10), (74, 10))
((76, 11), (76, 11))
((83, 12), (83, 12))
((85, 11), (85, 12))
((86, 12), (86, 13))
((88, 12), (88, 12))
((89, 13), (89, 13))
((91, 12), (91, 13))
((92, 13), (92, 14))
((95, 14), (95, 14))
((97, 12), (97, 14))
((98, 15), (98, 15))
((100, 14), (100, 14))
((103, 13), (103, 14))
((106, 13), (106, 14))
((107, 17), (107, 18))
((109, 14), (109, 14))
((110, 19), (110, 20))
((112, 15), (112, 15))
((114, 16), (114, 16))
((115, 15), (115, 15))
((117, 17), (118, 14))
((121, 16), (121, 16))
